atlantis_static_mesh_source_version: 3
vertex_count: 693
index_count: 3840
vertex: 0 0.7 0 1 1 1 0 0 0 1 0
vertex: 0 0.7 0 1 1 1 0.03125 0 0 1 0
vertex: 0 0.7 0 1 1 1 0.0625 0 0 1 0
vertex: 0 0.7 0 1 1 1 0.09375 0 0 1 0
vertex: 0 0.7 0 1 1 1 0.125 0 0 1 0
vertex: 0 0.7 0 1 1 1 0.15625 0 0 1 0
vertex: 0 0.7 0 1 1 1 0.1875 0 0 1 0
vertex: 0 0.7 0 1 1 1 0.21875 0 0 1 0
vertex: 0 0.7 0 1 1 1 0.25 0 0 1 0
vertex: 0 0.7 0 1 1 1 0.28125 0 0 1 0
vertex: 0 0.7 0 1 1 1 0.3125 0 0 1 0
vertex: 0 0.7 0 1 1 1 0.34375 0 0 1 0
vertex: 0 0.7 0 1 1 1 0.375 0 0 1 0
vertex: 0 0.7 0 1 1 1 0.40625 0 0 1 0
vertex: 0 0.7 0 1 1 1 0.4375 0 0 1 0
vertex: 0 0.7 0 1 1 1 0.46875 0 0 1 0
vertex: 0 0.7 0 1 1 1 0.5 0 0 1 0
vertex: 0 0.7 0 1 1 1 0.53125 0 0 1 0
vertex: 0 0.7 0 1 1 1 0.5625 0 0 1 0
vertex: 0 0.7 0 1 1 1 0.59375 0 0 1 0
vertex: 0 0.7 0 1 1 1 0.625 0 0 1 0
vertex: 0 0.7 0 1 1 1 0.65625 0 0 1 0
vertex: 0 0.7 0 1 1 1 0.6875 0 0 1 0
vertex: 0 0.7 0 1 1 1 0.71875 0 0 1 0
vertex: 0 0.7 0 1 1 1 0.75 0 0 1 0
vertex: 0 0.7 0 1 1 1 0.78125 0 0 1 0
vertex: 0 0.7 0 1 1 1 0.8125 0 0 1 0
vertex: 0 0.7 0 1 1 1 0.84375 0 0 1 0
vertex: 0 0.7 0 1 1 1 0.875 0 0 1 0
vertex: 0 0.7 0 1 1 1 0.90625 0 0 1 0
vertex: 0 0.7 0 1 1 1 0.9375 0 0 1 0
vertex: 0 0.7 0 1 1 1 0.96875 0 0 1 0
vertex: 0 0.7 0 1 1 1 1 0 0 1 0
vertex: 0.1161547 0.73337191 0 1 1 1 0 0.05 -0.41395211 0.91029866 -2.0697606e-05
vertex: 0.11392282 0.73337191 0.022660658 1 1 1 0.03125 0.05 -0.4059941 0.91029866 -0.080778351
vertex: 0.10731295 0.73337191 0.044450479 1 1 1 0.0625 0.05 -0.38243397 0.91029866 -0.15843174
vertex: 0.096579103 0.73337191 0.064532094 1 1 1 0.09375 0.05 -0.3441771 0.91029866 -0.22999668
vertex: 0.082133776 0.73337191 0.082133776 1 1 1 0.125 0.05 -0.29269371 0.91029866 -0.29272298
vertex: 0.064532094 0.73337191 0.096579103 1 1 1 0.15625 0.05 -0.22996226 0.91029866 -0.3442001
vertex: 0.044450479 0.73337191 0.10731295 1 1 1 0.1875 0.05 -0.15839349 0.91029866 -0.38244981
vertex: 0.022660658 0.73337191 0.11392282 1 1 1 0.21875 0.05 -0.080737751 0.91029866 -0.40600218
vertex: 0 0.73337191 0.1161547 1 1 1 0.25 0.05 2.0697606e-05 0.91029866 -0.41395211
vertex: -0.022660658 0.73337191 0.11392282 1 1 1 0.28125 0.05 0.080778351 0.91029866 -0.4059941
vertex: -0.044450479 0.73337191 0.10731295 1 1 1 0.3125 0.05 0.15843174 0.91029866 -0.38243397
vertex: -0.064532094 0.73337191 0.096579103 1 1 1 0.34375 0.05 0.22999668 0.91029866 -0.3441771
vertex: -0.082133776 0.73337191 0.082133776 1 1 1 0.375 0.05 0.29272298 0.91029866 -0.29269371
vertex: -0.096579103 0.73337191 0.064532094 1 1 1 0.40625 0.05 0.3442001 0.91029866 -0.22996226
vertex: -0.10731295 0.73337191 0.044450479 1 1 1 0.4375 0.05 0.38244981 0.91029866 -0.15839349
vertex: -0.11392282 0.73337191 0.022660658 1 1 1 0.46875 0.05 0.40600218 0.91029866 -0.080737751
vertex: -0.1161547 0.73337191 0 1 1 1 0.5 0.05 0.41395211 0.91029866 2.0697606e-05
vertex: -0.11392282 0.73337191 -0.022660658 1 1 1 0.53125 0.05 0.4059941 0.91029866 0.080778351
vertex: -0.10731295 0.73337191 -0.044450479 1 1 1 0.5625 0.05 0.38243397 0.91029866 0.15843174
vertex: -0.096579103 0.73337191 -0.064532094 1 1 1 0.59375 0.05 0.3441771 0.91029866 0.22999668
vertex: -0.082133776 0.73337191 -0.082133776 1 1 1 0.625 0.05 0.29269371 0.91029866 0.29272298
vertex: -0.064532094 0.73337191 -0.096579103 1 1 1 0.65625 0.05 0.22996226 0.91029866 0.3442001
vertex: -0.044450479 0.73337191 -0.10731295 1 1 1 0.6875 0.05 0.15839349 0.91029866 0.38244981
vertex: -0.022660658 0.73337191 -0.11392282 1 1 1 0.71875 0.05 0.080737751 0.91029866 0.40600218
vertex: 0 0.73337191 -0.1161547 1 1 1 0.75 0.05 -2.0697606e-05 0.91029866 0.41395211
vertex: 0.022660658 0.73337191 -0.11392282 1 1 1 0.78125 0.05 -0.080778351 0.91029866 0.4059941
vertex: 0.044450479 0.73337191 -0.10731295 1 1 1 0.8125 0.05 -0.15843174 0.91029866 0.38243397
vertex: 0.064532094 0.73337191 -0.096579103 1 1 1 0.84375 0.05 -0.22999668 0.91029866 0.3441771
vertex: 0.082133776 0.73337191 -0.082133776 1 1 1 0.875 0.05 -0.29272298 0.91029866 0.29269371
vertex: 0.096579103 0.73337191 -0.064532094 1 1 1 0.90625 0.05 -0.3442001 0.91029866 0.22996226
vertex: 0.10731295 0.73337191 -0.044450479 1 1 1 0.9375 0.05 -0.38244981 0.91029866 0.15839349
vertex: 0.11392282 0.73337191 -0.022660658 1 1 1 0.96875 0.05 -0.40600218 0.91029866 0.080737751
vertex: 0.1161547 0.73337191 0 1 1 1 1 0.05 -0.41395211 0.91029866 -2.0697606e-05
vertex: 0.25900841 0.79714593 0 1 1 1 0 0.1 -0.35688674 0.93414766 -1.7844337e-05
vertex: 0.25403164 0.79714593 0.050530035 1 1 1 0.03125 0.1 -0.35002578 0.93414766 -0.069642651
vertex: 0.23929257 0.79714593 0.099118228 1 1 1 0.0625 0.1 -0.32971353 0.93414766 -0.13659113
vertex: 0.21535762 0.79714593 0.14389736 1 1 1 0.09375 0.1 -0.29673057 0.93414766 -0.19829049
vertex: 0.1831466 0.79714593 0.1831466 1 1 1 0.125 0.1 -0.25234442 0.93414766 -0.25236965
vertex: 0.14389736 0.79714593 0.21535762 1 1 1 0.15625 0.1 -0.19826081 0.93414766 -0.2967504
vertex: 0.099118228 0.79714593 0.23929257 1 1 1 0.1875 0.1 -0.13655816 0.93414766 -0.32972719
vertex: 0.050530035 0.79714593 0.25403164 1 1 1 0.21875 0.1 -0.069607648 0.93414766 -0.35003275
vertex: 0 0.79714593 0.25900841 1 1 1 0.25 0.1 1.7844337e-05 0.93414766 -0.35688674
vertex: -0.050530035 0.79714593 0.25403164 1 1 1 0.28125 0.1 0.069642651 0.93414766 -0.35002578
vertex: -0.099118228 0.79714593 0.23929257 1 1 1 0.3125 0.1 0.13659113 0.93414766 -0.32971353
vertex: -0.14389736 0.79714593 0.21535762 1 1 1 0.34375 0.1 0.19829049 0.93414766 -0.29673057
vertex: -0.1831466 0.79714593 0.1831466 1 1 1 0.375 0.1 0.25236965 0.93414766 -0.25234442
vertex: -0.21535762 0.79714593 0.14389736 1 1 1 0.40625 0.1 0.2967504 0.93414766 -0.19826081
vertex: -0.23929257 0.79714593 0.099118228 1 1 1 0.4375 0.1 0.32972719 0.93414766 -0.13655816
vertex: -0.25403164 0.79714593 0.050530035 1 1 1 0.46875 0.1 0.35003275 0.93414766 -0.069607648
vertex: -0.25900841 0.79714593 0 1 1 1 0.5 0.1 0.35688674 0.93414766 1.7844337e-05
vertex: -0.25403164 0.79714593 -0.050530035 1 1 1 0.53125 0.1 0.35002578 0.93414766 0.069642651
vertex: -0.23929257 0.79714593 -0.099118228 1 1 1 0.5625 0.1 0.32971353 0.93414766 0.13659113
vertex: -0.21535762 0.79714593 -0.14389736 1 1 1 0.59375 0.1 0.29673057 0.93414766 0.19829049
vertex: -0.1831466 0.79714593 -0.1831466 1 1 1 0.625 0.1 0.25234442 0.93414766 0.25236965
vertex: -0.14389736 0.79714593 -0.21535762 1 1 1 0.65625 0.1 0.19826081 0.93414766 0.2967504
vertex: -0.099118228 0.79714593 -0.23929257 1 1 1 0.6875 0.1 0.13655816 0.93414766 0.32972719
vertex: -0.050530035 0.79714593 -0.25403164 1 1 1 0.71875 0.1 0.069607648 0.93414766 0.35003275
vertex: 0 0.79714593 -0.25900841 1 1 1 0.75 0.1 -1.7844337e-05 0.93414766 0.35688674
vertex: 0.050530035 0.79714593 -0.25403164 1 1 1 0.78125 0.1 -0.069642651 0.93414766 0.35002578
vertex: 0.099118228 0.79714593 -0.23929257 1 1 1 0.8125 0.1 -0.13659113 0.93414766 0.32971353
vertex: 0.14389736 0.79714593 -0.21535762 1 1 1 0.84375 0.1 -0.19829049 0.93414766 0.29673057
vertex: 0.1831466 0.79714593 -0.1831466 1 1 1 0.875 0.1 -0.25236965 0.93414766 0.25234442
vertex: 0.21535762 0.79714593 -0.14389736 1 1 1 0.90625 0.1 -0.2967504 0.93414766 0.19826081
vertex: 0.23929257 0.79714593 -0.099118228 1 1 1 0.9375 0.1 -0.32972719 0.93414766 0.13655816
vertex: 0.25403164 0.79714593 -0.050530035 1 1 1 0.96875 0.1 -0.35003275 0.93414766 0.069607648
vertex: 0.25900841 0.79714593 0 1 1 1 1 0.1 -0.35688674 0.93414766 -1.7844337e-05
vertex: 0.42635989 0.8367784 0 1 1 1 0 0.15 -0.064868677 0.99789381 -3.2434338e-06
vertex: 0.41816751 0.8367784 0.083178689 1 1 1 0.03125 0.15 -0.063621611 0.99789381 -0.012658432
vertex: 0.39390518 0.8367784 0.16316087 1 1 1 0.0625 0.15 -0.059929602 0.99789381 -0.024827164
vertex: 0.35450529 0.8367784 0.23687286 1 1 1 0.09375 0.15 -0.053934532 0.99789381 -0.036041803
vertex: 0.30148197 0.8367784 0.30148197 1 1 1 0.125 0.15 -0.045866788 0.99789381 -0.045871375
vertex: 0.23687286 0.8367784 0.35450529 1 1 1 0.15625 0.15 -0.036036409 0.99789381 -0.053938135
vertex: 0.16316087 0.8367784 0.39390518 1 1 1 0.1875 0.15 -0.024821171 0.99789381 -0.059932084
vertex: 0.083178689 0.8367784 0.41816751 1 1 1 0.21875 0.15 -0.01265207 0.99789381 -0.063622876
vertex: 0 0.8367784 0.42635989 1 1 1 0.25 0.15 3.2434338e-06 0.99789381 -0.064868677
vertex: -0.083178689 0.8367784 0.41816751 1 1 1 0.28125 0.15 0.012658432 0.99789381 -0.063621611
vertex: -0.16316087 0.8367784 0.39390518 1 1 1 0.3125 0.15 0.024827164 0.99789381 -0.059929602
vertex: -0.23687286 0.8367784 0.35450529 1 1 1 0.34375 0.15 0.036041803 0.99789381 -0.053934532
vertex: -0.30148197 0.8367784 0.30148197 1 1 1 0.375 0.15 0.045871375 0.99789381 -0.045866788
vertex: -0.35450529 0.8367784 0.23687286 1 1 1 0.40625 0.15 0.053938135 0.99789381 -0.036036409
vertex: -0.39390518 0.8367784 0.16316087 1 1 1 0.4375 0.15 0.059932084 0.99789381 -0.024821171
vertex: -0.41816751 0.8367784 0.083178689 1 1 1 0.46875 0.15 0.063622876 0.99789381 -0.01265207
vertex: -0.42635989 0.8367784 0 1 1 1 0.5 0.15 0.064868677 0.99789381 3.2434338e-06
vertex: -0.41816751 0.8367784 -0.083178689 1 1 1 0.53125 0.15 0.063621611 0.99789381 0.012658432
vertex: -0.39390518 0.8367784 -0.16316087 1 1 1 0.5625 0.15 0.059929602 0.99789381 0.024827164
vertex: -0.35450529 0.8367784 -0.23687286 1 1 1 0.59375 0.15 0.053934532 0.99789381 0.036041803
vertex: -0.30148197 0.8367784 -0.30148197 1 1 1 0.625 0.15 0.045866788 0.99789381 0.045871375
vertex: -0.23687286 0.8367784 -0.35450529 1 1 1 0.65625 0.15 0.036036409 0.99789381 0.053938135
vertex: -0.16316087 0.8367784 -0.39390518 1 1 1 0.6875 0.15 0.024821171 0.99789381 0.059932084
vertex: -0.083178689 0.8367784 -0.41816751 1 1 1 0.71875 0.15 0.01265207 0.99789381 0.063622876
vertex: 0 0.8367784 -0.42635989 1 1 1 0.75 0.15 -3.2434338e-06 0.99789381 0.064868677
vertex: 0.083178689 0.8367784 -0.41816751 1 1 1 0.78125 0.15 -0.012658432 0.99789381 0.063621611
vertex: 0.16316087 0.8367784 -0.39390518 1 1 1 0.8125 0.15 -0.024827164 0.99789381 0.059929602
vertex: 0.23687286 0.8367784 -0.35450529 1 1 1 0.84375 0.15 -0.036041803 0.99789381 0.053934532
vertex: 0.30148197 0.8367784 -0.30148197 1 1 1 0.875 0.15 -0.045871375 0.99789381 0.045866788
vertex: 0.35450529 0.8367784 -0.23687286 1 1 1 0.90625 0.15 -0.053938135 0.99789381 0.036036409
vertex: 0.39390518 0.8367784 -0.16316087 1 1 1 0.9375 0.15 -0.059932084 0.99789381 0.024821171
vertex: 0.41816751 0.8367784 -0.083178689 1 1 1 0.96875 0.15 -0.063622876 0.99789381 0.01265207
vertex: 0.42635989 0.8367784 0 1 1 1 1 0.15 -0.064868677 0.99789381 -3.2434338e-06
vertex: 0.58637128 0.80707082 0 1 1 1 0 0.2 0.47390638 0.88057523 2.3695319e-05
vertex: 0.57510432 0.80707082 0.11439536 1 1 1 0.03125 0.2 0.46479578 0.88057523 0.092477789
vertex: 0.54173642 0.80707082 0.22439457 1 1 1 0.0625 0.2 0.43782334 0.88057523 0.18137801
vertex: 0.4875499 0.80707082 0.32577043 1 1 1 0.09375 0.2 0.39402559 0.88057523 0.26330798
vertex: 0.41462711 0.80707082 0.41462711 1 1 1 0.125 0.2 0.33508566 0.88057523 0.33511917
vertex: 0.32577043 0.80707082 0.4875499 1 1 1 0.15625 0.2 0.26326858 0.88057523 0.39405192
vertex: 0.22439457 0.80707082 0.54173642 1 1 1 0.1875 0.2 0.18133423 0.88057523 0.43784147
vertex: 0.11439536 0.80707082 0.57510432 1 1 1 0.21875 0.2 0.092431309 0.88057523 0.46480503
vertex: 0 0.80707082 0.58637128 1 1 1 0.25 0.2 -2.3695319e-05 0.88057523 0.47390638
vertex: -0.11439536 0.80707082 0.57510432 1 1 1 0.28125 0.2 -0.092477789 0.88057523 0.46479578
vertex: -0.22439457 0.80707082 0.54173642 1 1 1 0.3125 0.2 -0.18137801 0.88057523 0.43782334
vertex: -0.32577043 0.80707082 0.4875499 1 1 1 0.34375 0.2 -0.26330798 0.88057523 0.39402559
vertex: -0.41462711 0.80707082 0.41462711 1 1 1 0.375 0.2 -0.33511917 0.88057523 0.33508566
vertex: -0.4875499 0.80707082 0.32577043 1 1 1 0.40625 0.2 -0.39405192 0.88057523 0.26326858
vertex: -0.54173642 0.80707082 0.22439457 1 1 1 0.4375 0.2 -0.43784147 0.88057523 0.18133423
vertex: -0.57510432 0.80707082 0.11439536 1 1 1 0.46875 0.2 -0.46480503 0.88057523 0.092431309
vertex: -0.58637128 0.80707082 0 1 1 1 0.5 0.2 -0.47390638 0.88057523 -2.3695319e-05
vertex: -0.57510432 0.80707082 -0.11439536 1 1 1 0.53125 0.2 -0.46479578 0.88057523 -0.092477789
vertex: -0.54173642 0.80707082 -0.22439457 1 1 1 0.5625 0.2 -0.43782334 0.88057523 -0.18137801
vertex: -0.4875499 0.80707082 -0.32577043 1 1 1 0.59375 0.2 -0.39402559 0.88057523 -0.26330798
vertex: -0.41462711 0.80707082 -0.41462711 1 1 1 0.625 0.2 -0.33508566 0.88057523 -0.33511917
vertex: -0.32577043 0.80707082 -0.4875499 1 1 1 0.65625 0.2 -0.26326858 0.88057523 -0.39405192
vertex: -0.22439457 0.80707082 -0.54173642 1 1 1 0.6875 0.2 -0.18133423 0.88057523 -0.43784147
vertex: -0.11439536 0.80707082 -0.57510432 1 1 1 0.71875 0.2 -0.092431309 0.88057523 -0.46480503
vertex: 0 0.80707082 -0.58637128 1 1 1 0.75 0.2 2.3695319e-05 0.88057523 -0.47390638
vertex: 0.11439536 0.80707082 -0.57510432 1 1 1 0.78125 0.2 0.092477789 0.88057523 -0.46479578
vertex: 0.22439457 0.80707082 -0.54173642 1 1 1 0.8125 0.2 0.18137801 0.88057523 -0.43782334
vertex: 0.32577043 0.80707082 -0.4875499 1 1 1 0.84375 0.2 0.26330798 0.88057523 -0.39402559
vertex: 0.41462711 0.80707082 -0.41462711 1 1 1 0.875 0.2 0.33511917 0.88057523 -0.33508566
vertex: 0.4875499 0.80707082 -0.32577043 1 1 1 0.90625 0.2 0.39405192 0.88057523 -0.26326858
vertex: 0.54173642 0.80707082 -0.22439457 1 1 1 0.9375 0.2 0.43784147 0.88057523 -0.18133423
vertex: 0.57510432 0.80707082 -0.11439536 1 1 1 0.96875 0.2 0.46480503 0.88057523 -0.092431309
vertex: 0.58637128 0.80707082 0 1 1 1 1 0.2 0.47390638 0.88057523 2.3695319e-05
vertex: 0.70710678 0.70710678 0 1 1 1 0 0.25 0.70714214 0.70707142 3.5357106e-05
vertex: 0.69351992 0.70710678 0.13794969 1 1 1 0.03125 0.25 0.6935477 0.70707142 0.13799126
vertex: 0.65328148 0.70710678 0.27059805 1 1 1 0.0625 0.25 0.65330061 0.70707142 0.27064425
vertex: 0.5879378 0.70710678 0.39284748 1 1 1 0.09375 0.25 0.58794755 0.70707142 0.39289652
vertex: 0.5 0.70710678 0.5 1 1 1 0.125 0.25 0.5 0.70707142 0.50005
vertex: 0.39284748 0.70710678 0.5879378 1 1 1 0.15625 0.25 0.39283772 0.70707142 0.58798684
vertex: 0.27059805 0.70710678 0.65328148 1 1 1 0.1875 0.25 0.27057891 0.70707142 0.65332768
vertex: 0.13794969 0.70710678 0.69351992 1 1 1 0.21875 0.25 0.13792191 0.70707142 0.6935615
vertex: 0 0.70710678 0.70710678 1 1 1 0.25 0.25 -3.5357106e-05 0.70707142 0.70714214
vertex: -0.13794969 0.70710678 0.69351992 1 1 1 0.28125 0.25 -0.13799126 0.70707142 0.6935477
vertex: -0.27059805 0.70710678 0.65328148 1 1 1 0.3125 0.25 -0.27064425 0.70707142 0.65330061
vertex: -0.39284748 0.70710678 0.5879378 1 1 1 0.34375 0.25 -0.39289652 0.70707142 0.58794755
vertex: -0.5 0.70710678 0.5 1 1 1 0.375 0.25 -0.50005 0.70707142 0.5
vertex: -0.5879378 0.70710678 0.39284748 1 1 1 0.40625 0.25 -0.58798684 0.70707142 0.39283772
vertex: -0.65328148 0.70710678 0.27059805 1 1 1 0.4375 0.25 -0.65332768 0.70707142 0.27057891
vertex: -0.69351992 0.70710678 0.13794969 1 1 1 0.46875 0.25 -0.6935615 0.70707142 0.13792191
vertex: -0.70710678 0.70710678 0 1 1 1 0.5 0.25 -0.70714214 0.70707142 -3.5357106e-05
vertex: -0.69351992 0.70710678 -0.13794969 1 1 1 0.53125 0.25 -0.6935477 0.70707142 -0.13799126
vertex: -0.65328148 0.70710678 -0.27059805 1 1 1 0.5625 0.25 -0.65330061 0.70707142 -0.27064425
vertex: -0.5879378 0.70710678 -0.39284748 1 1 1 0.59375 0.25 -0.58794755 0.70707142 -0.39289652
vertex: -0.5 0.70710678 -0.5 1 1 1 0.625 0.25 -0.5 0.70707142 -0.50005
vertex: -0.39284748 0.70710678 -0.5879378 1 1 1 0.65625 0.25 -0.39283772 0.70707142 -0.58798684
vertex: -0.27059805 0.70710678 -0.65328148 1 1 1 0.6875 0.25 -0.27057891 0.70707142 -0.65332768
vertex: -0.13794969 0.70710678 -0.69351992 1 1 1 0.71875 0.25 -0.13792191 0.70707142 -0.6935615
vertex: 0 0.70710678 -0.70710678 1 1 1 0.75 0.25 3.5357106e-05 0.70707142 -0.70714214
vertex: 0.13794969 0.70710678 -0.69351992 1 1 1 0.78125 0.25 0.13799126 0.70707142 -0.6935477
vertex: 0.27059805 0.70710678 -0.65328148 1 1 1 0.8125 0.25 0.27064425 0.70707142 -0.65330061
vertex: 0.39284748 0.70710678 -0.5879378 1 1 1 0.84375 0.25 0.39289652 0.70707142 -0.58794755
vertex: 0.5 0.70710678 -0.5 1 1 1 0.875 0.25 0.50005 0.70707142 -0.5
vertex: 0.5879378 0.70710678 -0.39284748 1 1 1 0.90625 0.25 0.58798684 0.70707142 -0.39283772
vertex: 0.65328148 0.70710678 -0.27059805 1 1 1 0.9375 0.25 0.65332768 0.70707142 -0.27057891
vertex: 0.69351992 0.70710678 -0.13794969 1 1 1 0.96875 0.25 0.6935615 0.70707142 -0.13792191
vertex: 0.70710678 0.70710678 0 1 1 1 1 0.25 0.70714214 0.70707142 3.5357106e-05
vertex: 0.80901699 0.58778525 0 1 1 1 0 0.3 0.80904638 0.5877448 4.0452319e-05
vertex: 0.79347196 0.58778525 0.15783139 1 1 1 0.03125 0.3 0.79349289 0.5877448 0.15787679
vertex: 0.74743424 0.58778525 0.3095974 1 1 1 0.0625 0.3 0.74744591 0.5877448 0.30964602
vertex: 0.67267305 0.58778525 0.44946576 1 1 1 0.09375 0.3 0.67267501 0.5877448 0.44951572
vertex: 0.5720614 0.58778525 0.5720614 1 1 1 0.125 0.3 0.57205358 0.5877448 0.57211079
vertex: 0.44946576 0.58778525 0.67267305 1 1 1 0.15625 0.3 0.44944845 0.5877448 0.67271996
vertex: 0.3095974 0.58778525 0.74743424 1 1 1 0.1875 0.3 0.30957127 0.5877448 0.74747687
vertex: 0.15783139 0.58778525 0.79347196 1 1 1 0.21875 0.3 0.15779744 0.5877448 0.79350867
vertex: 0 0.58778525 0.80901699 1 1 1 0.25 0.3 -4.0452319e-05 0.5877448 0.80904638
vertex: -0.15783139 0.58778525 0.79347196 1 1 1 0.28125 0.3 -0.15787679 0.5877448 0.79349289
vertex: -0.3095974 0.58778525 0.74743424 1 1 1 0.3125 0.3 -0.30964602 0.5877448 0.74744591
vertex: -0.44946576 0.58778525 0.67267305 1 1 1 0.34375 0.3 -0.44951572 0.5877448 0.67267501
vertex: -0.5720614 0.58778525 0.5720614 1 1 1 0.375 0.3 -0.57211079 0.5877448 0.57205358
vertex: -0.67267305 0.58778525 0.44946576 1 1 1 0.40625 0.3 -0.67271996 0.5877448 0.44944845
vertex: -0.74743424 0.58778525 0.3095974 1 1 1 0.4375 0.3 -0.74747687 0.5877448 0.30957127
vertex: -0.79347196 0.58778525 0.15783139 1 1 1 0.46875 0.3 -0.79350867 0.5877448 0.15779744
vertex: -0.80901699 0.58778525 0 1 1 1 0.5 0.3 -0.80904638 0.5877448 -4.0452319e-05
vertex: -0.79347196 0.58778525 -0.15783139 1 1 1 0.53125 0.3 -0.79349289 0.5877448 -0.15787679
vertex: -0.74743424 0.58778525 -0.3095974 1 1 1 0.5625 0.3 -0.74744591 0.5877448 -0.30964602
vertex: -0.67267305 0.58778525 -0.44946576 1 1 1 0.59375 0.3 -0.67267501 0.5877448 -0.44951572
vertex: -0.5720614 0.58778525 -0.5720614 1 1 1 0.625 0.3 -0.57205358 0.5877448 -0.57211079
vertex: -0.44946576 0.58778525 -0.67267305 1 1 1 0.65625 0.3 -0.44944845 0.5877448 -0.67271996
vertex: -0.3095974 0.58778525 -0.74743424 1 1 1 0.6875 0.3 -0.30957127 0.5877448 -0.74747687
vertex: -0.15783139 0.58778525 -0.79347196 1 1 1 0.71875 0.3 -0.15779744 0.5877448 -0.79350867
vertex: 0 0.58778525 -0.80901699 1 1 1 0.75 0.3 4.0452319e-05 0.5877448 -0.80904638
vertex: 0.15783139 0.58778525 -0.79347196 1 1 1 0.78125 0.3 0.15787679 0.5877448 -0.79349289
vertex: 0.3095974 0.58778525 -0.74743424 1 1 1 0.8125 0.3 0.30964602 0.5877448 -0.74744591
vertex: 0.44946576 0.58778525 -0.67267305 1 1 1 0.84375 0.3 0.44951572 0.5877448 -0.67267501
vertex: 0.5720614 0.58778525 -0.5720614 1 1 1 0.875 0.3 0.57211079 0.5877448 -0.57205358
vertex: 0.67267305 0.58778525 -0.44946576 1 1 1 0.90625 0.3 0.67271996 0.5877448 -0.44944845
vertex: 0.74743424 0.58778525 -0.3095974 1 1 1 0.9375 0.3 0.74747687 0.5877448 -0.30957127
vertex: 0.79347196 0.58778525 -0.15783139 1 1 1 0.96875 0.3 0.79350867 0.5877448 -0.15779744
vertex: 0.80901699 0.58778525 0 1 1 1 1 0.3 0.80904638 0.5877448 4.0452319e-05
vertex: 0.89100652 0.4539905 0 1 1 1 0 0.35 0.89102922 0.45394595 4.4551461e-05
vertex: 0.87388608 0.4539905 0.17382675 1 1 1 0.03125 0.35 0.87389965 0.45394595 0.17387487
vertex: 0.82318269 0.4539905 0.34097343 1 1 1 0.0625 0.35 0.82318661 0.45394595 0.34102328
vertex: 0.74084485 0.4539905 0.4950167 1 1 1 0.09375 0.35 0.74083897 0.45394595 0.49506636
vertex: 0.63003676 0.4539905 0.63003676 1 1 1 0.125 0.35 0.6300213 0.45394595 0.63008431
vertex: 0.4950167 0.4539905 0.74084485 1 1 1 0.15625 0.35 0.49499227 0.45394595 0.74088847
vertex: 0.34097343 0.4539905 0.82318269 1 1 1 0.1875 0.35 0.34094096 0.45394595 0.82322071
vertex: 0.17382675 0.4539905 0.87388608 1 1 1 0.21875 0.35 0.17378748 0.45394595 0.87391704
vertex: 0 0.4539905 0.89100652 1 1 1 0.25 0.35 -4.4551461e-05 0.45394595 0.89102922
vertex: -0.17382675 0.4539905 0.87388608 1 1 1 0.28125 0.35 -0.17387487 0.45394595 0.87389965
vertex: -0.34097343 0.4539905 0.82318269 1 1 1 0.3125 0.35 -0.34102328 0.45394595 0.82318661
vertex: -0.4950167 0.4539905 0.74084485 1 1 1 0.34375 0.35 -0.49506636 0.45394595 0.74083897
vertex: -0.63003676 0.4539905 0.63003676 1 1 1 0.375 0.35 -0.63008431 0.45394595 0.6300213
vertex: -0.74084485 0.4539905 0.4950167 1 1 1 0.40625 0.35 -0.74088847 0.45394595 0.49499227
vertex: -0.82318269 0.4539905 0.34097343 1 1 1 0.4375 0.35 -0.82322071 0.45394595 0.34094096
vertex: -0.87388608 0.4539905 0.17382675 1 1 1 0.46875 0.35 -0.87391704 0.45394595 0.17378748
vertex: -0.89100652 0.4539905 0 1 1 1 0.5 0.35 -0.89102922 0.45394595 -4.4551461e-05
vertex: -0.87388608 0.4539905 -0.17382675 1 1 1 0.53125 0.35 -0.87389965 0.45394595 -0.17387487
vertex: -0.82318269 0.4539905 -0.34097343 1 1 1 0.5625 0.35 -0.82318661 0.45394595 -0.34102328
vertex: -0.74084485 0.4539905 -0.4950167 1 1 1 0.59375 0.35 -0.74083897 0.45394595 -0.49506636
vertex: -0.63003676 0.4539905 -0.63003676 1 1 1 0.625 0.35 -0.6300213 0.45394595 -0.63008431
vertex: -0.4950167 0.4539905 -0.74084485 1 1 1 0.65625 0.35 -0.49499227 0.45394595 -0.74088847
vertex: -0.34097343 0.4539905 -0.82318269 1 1 1 0.6875 0.35 -0.34094096 0.45394595 -0.82322071
vertex: -0.17382675 0.4539905 -0.87388608 1 1 1 0.71875 0.35 -0.17378748 0.45394595 -0.87391704
vertex: 0 0.4539905 -0.89100652 1 1 1 0.75 0.35 4.4551461e-05 0.45394595 -0.89102922
vertex: 0.17382675 0.4539905 -0.87388608 1 1 1 0.78125 0.35 0.17387487 0.45394595 -0.87389965
vertex: 0.34097343 0.4539905 -0.82318269 1 1 1 0.8125 0.35 0.34102328 0.45394595 -0.82318661
vertex: 0.4950167 0.4539905 -0.74084485 1 1 1 0.84375 0.35 0.49506636 0.45394595 -0.74083897
vertex: 0.63003676 0.4539905 -0.63003676 1 1 1 0.875 0.35 0.63008431 0.45394595 -0.6300213
vertex: 0.74084485 0.4539905 -0.4950167 1 1 1 0.90625 0.35 0.74088847 0.45394595 -0.49499227
vertex: 0.82318269 0.4539905 -0.34097343 1 1 1 0.9375 0.35 0.82322071 0.45394595 -0.34094096
vertex: 0.87388608 0.4539905 -0.17382675 1 1 1 0.96875 0.35 0.87391704 0.45394595 -0.17378748
vertex: 0.89100652 0.4539905 0 1 1 1 1 0.35 0.89102922 0.45394595 4.4551461e-05
vertex: 0.95105652 0.30901699 0 1 1 1 0 0.4 0.95107196 0.30896944 4.7553598e-05
vertex: 0.93278223 0.30901699 0.18554192 1 1 1 0.03125 0.4 0.93278811 0.30896944 0.18559158
vertex: 0.87866165 0.30901699 0.36395357 1 1 1 0.0625 0.4 0.87865772 0.30896944 0.36400342
vertex: 0.79077459 0.30901699 0.52837869 1 1 1 0.09375 0.4 0.79076102 0.30896944 0.52842681
vertex: 0.67249851 0.30901699 0.67249851 1 1 1 0.125 0.4 0.67247581 0.30896944 0.67254306
vertex: 0.52837869 0.30901699 0.79077459 1 1 1 0.15625 0.4 0.52834773 0.30896944 0.79081386
vertex: 0.36395357 0.30901699 0.87866165 1 1 1 0.1875 0.4 0.36391555 0.30896944 0.87869412
vertex: 0.18554192 0.30901699 0.93278223 1 1 1 0.21875 0.4 0.1854983 0.30896944 0.93280666
vertex: 0 0.30901699 0.95105652 1 1 1 0.25 0.4 -4.7553598e-05 0.30896944 0.95107196
vertex: -0.18554192 0.30901699 0.93278223 1 1 1 0.28125 0.4 -0.18559158 0.30896944 0.93278811
vertex: -0.36395357 0.30901699 0.87866165 1 1 1 0.3125 0.4 -0.36400342 0.30896944 0.87865772
vertex: -0.52837869 0.30901699 0.79077459 1 1 1 0.34375 0.4 -0.52842681 0.30896944 0.79076102
vertex: -0.67249851 0.30901699 0.67249851 1 1 1 0.375 0.4 -0.67254306 0.30896944 0.67247581
vertex: -0.79077459 0.30901699 0.52837869 1 1 1 0.40625 0.4 -0.79081386 0.30896944 0.52834773
vertex: -0.87866165 0.30901699 0.36395357 1 1 1 0.4375 0.4 -0.87869412 0.30896944 0.36391555
vertex: -0.93278223 0.30901699 0.18554192 1 1 1 0.46875 0.4 -0.93280666 0.30896944 0.1854983
vertex: -0.95105652 0.30901699 0 1 1 1 0.5 0.4 -0.95107196 0.30896944 -4.7553598e-05
vertex: -0.93278223 0.30901699 -0.18554192 1 1 1 0.53125 0.4 -0.93278811 0.30896944 -0.18559158
vertex: -0.87866165 0.30901699 -0.36395357 1 1 1 0.5625 0.4 -0.87865772 0.30896944 -0.36400342
vertex: -0.79077459 0.30901699 -0.52837869 1 1 1 0.59375 0.4 -0.79076102 0.30896944 -0.52842681
vertex: -0.67249851 0.30901699 -0.67249851 1 1 1 0.625 0.4 -0.67247581 0.30896944 -0.67254306
vertex: -0.52837869 0.30901699 -0.79077459 1 1 1 0.65625 0.4 -0.52834773 0.30896944 -0.79081386
vertex: -0.36395357 0.30901699 -0.87866165 1 1 1 0.6875 0.4 -0.36391555 0.30896944 -0.87869412
vertex: -0.18554192 0.30901699 -0.93278223 1 1 1 0.71875 0.4 -0.1854983 0.30896944 -0.93280666
vertex: 0 0.30901699 -0.95105652 1 1 1 0.75 0.4 4.7553598e-05 0.30896944 -0.95107196
vertex: 0.18554192 0.30901699 -0.93278223 1 1 1 0.78125 0.4 0.18559158 0.30896944 -0.93278811
vertex: 0.36395357 0.30901699 -0.87866165 1 1 1 0.8125 0.4 0.36400342 0.30896944 -0.87865772
vertex: 0.52837869 0.30901699 -0.79077459 1 1 1 0.84375 0.4 0.52842681 0.30896944 -0.79076102
vertex: 0.67249851 0.30901699 -0.67249851 1 1 1 0.875 0.4 0.67254306 0.30896944 -0.67247581
vertex: 0.79077459 0.30901699 -0.52837869 1 1 1 0.90625 0.4 0.79081386 0.30896944 -0.52834773
vertex: 0.87866165 0.30901699 -0.36395357 1 1 1 0.9375 0.4 0.87869412 0.30896944 -0.36391555
vertex: 0.93278223 0.30901699 -0.18554192 1 1 1 0.96875 0.4 0.93280666 0.30896944 -0.1854983
vertex: 0.95105652 0.30901699 0 1 1 1 1 0.4 0.95107196 0.30896944 4.7553598e-05
vertex: 0.98768834 0.15643447 0 1 1 1 0 0.45 0.98769616 0.15638508 4.9384808e-05
vertex: 0.96871019 0.15643447 0.19268844 1 1 1 0.03125 0.45 0.96870822 0.15638508 0.1927384
vertex: 0.91250504 0.15643447 0.37797196 1 1 1 0.0625 0.45 0.91249337 0.15638508 0.37802058
vertex: 0.82123284 0.15643447 0.54873024 1 1 1 0.09375 0.45 0.82121191 0.15638508 0.54877565
vertex: 0.69840112 0.15643447 0.69840112 1 1 1 0.125 0.45 0.69837173 0.15638508 0.69844157
vertex: 0.54873024 0.15643447 0.82123284 1 1 1 0.15625 0.45 0.54869352 0.15638508 0.82126678
vertex: 0.37797196 0.15643447 0.91250504 1 1 1 0.1875 0.45 0.37792933 0.15638508 0.91253117
vertex: 0.19268844 0.15643447 0.96871019 1 1 1 0.21875 0.45 0.19264153 0.15638508 0.96872749
vertex: 0 0.15643447 0.98768834 1 1 1 0.25 0.45 -4.9384808e-05 0.15638508 0.98769616
vertex: -0.19268844 0.15643447 0.96871019 1 1 1 0.28125 0.45 -0.1927384 0.15638508 0.96870822
vertex: -0.37797196 0.15643447 0.91250504 1 1 1 0.3125 0.45 -0.37802058 0.15638508 0.91249337
vertex: -0.54873024 0.15643447 0.82123284 1 1 1 0.34375 0.45 -0.54877565 0.15638508 0.82121191
vertex: -0.69840112 0.15643447 0.69840112 1 1 1 0.375 0.45 -0.69844157 0.15638508 0.69837173
vertex: -0.82123284 0.15643447 0.54873024 1 1 1 0.40625 0.45 -0.82126678 0.15638508 0.54869352
vertex: -0.91250504 0.15643447 0.37797196 1 1 1 0.4375 0.45 -0.91253117 0.15638508 0.37792933
vertex: -0.96871019 0.15643447 0.19268844 1 1 1 0.46875 0.45 -0.96872749 0.15638508 0.19264153
vertex: -0.98768834 0.15643447 0 1 1 1 0.5 0.45 -0.98769616 0.15638508 -4.9384808e-05
vertex: -0.96871019 0.15643447 -0.19268844 1 1 1 0.53125 0.45 -0.96870822 0.15638508 -0.1927384
vertex: -0.91250504 0.15643447 -0.37797196 1 1 1 0.5625 0.45 -0.91249337 0.15638508 -0.37802058
vertex: -0.82123284 0.15643447 -0.54873024 1 1 1 0.59375 0.45 -0.82121191 0.15638508 -0.54877565
vertex: -0.69840112 0.15643447 -0.69840112 1 1 1 0.625 0.45 -0.69837173 0.15638508 -0.69844157
vertex: -0.54873024 0.15643447 -0.82123284 1 1 1 0.65625 0.45 -0.54869352 0.15638508 -0.82126678
vertex: -0.37797196 0.15643447 -0.91250504 1 1 1 0.6875 0.45 -0.37792933 0.15638508 -0.91253117
vertex: -0.19268844 0.15643447 -0.96871019 1 1 1 0.71875 0.45 -0.19264153 0.15638508 -0.96872749
vertex: 0 0.15643447 -0.98768834 1 1 1 0.75 0.45 4.9384808e-05 0.15638508 -0.98769616
vertex: 0.19268844 0.15643447 -0.96871019 1 1 1 0.78125 0.45 0.1927384 0.15638508 -0.96870822
vertex: 0.37797196 0.15643447 -0.91250504 1 1 1 0.8125 0.45 0.37802058 0.15638508 -0.91249337
vertex: 0.54873024 0.15643447 -0.82123284 1 1 1 0.84375 0.45 0.54877565 0.15638508 -0.82121191
vertex: 0.69840112 0.15643447 -0.69840112 1 1 1 0.875 0.45 0.69844157 0.15638508 -0.69837173
vertex: 0.82123284 0.15643447 -0.54873024 1 1 1 0.90625 0.45 0.82126678 0.15638508 -0.54869352
vertex: 0.91250504 0.15643447 -0.37797196 1 1 1 0.9375 0.45 0.91253117 0.15638508 -0.37792933
vertex: 0.96871019 0.15643447 -0.19268844 1 1 1 0.96875 0.45 0.96872749 0.15638508 -0.19264153
vertex: 0.98768834 0.15643447 0 1 1 1 1 0.45 0.98769616 0.15638508 4.9384808e-05
vertex: 1 0 0 1 1 1 0 0.5 1 -5e-05 5e-05
vertex: 0.98078528 0 0.19509032 1 1 1 0.03125 0.5 0.98077552 -5e-05 0.19513936
vertex: 0.92387953 0 0.38268343 1 1 1 0.0625 0.5 0.9238604 -5e-05 0.38272963
vertex: 0.83146961 0 0.55557023 1 1 1 0.09375 0.5 0.83144183 -5e-05 0.55561181
vertex: 0.70710678 0 0.70710678 1 1 1 0.125 0.5 0.70707142 -4.9999999e-05 0.70714213
vertex: 0.55557023 0 0.83146961 1 1 1 0.15625 0.5 0.55552866 -5e-05 0.83149739
vertex: 0.38268343 0 0.92387953 1 1 1 0.1875 0.5 0.38263724 -5e-05 0.92389866
vertex: 0.19509032 0 0.98078528 1 1 1 0.21875 0.5 0.19504128 -5e-05 0.98079503
vertex: 0 0 1 1 1 1 0.25 0.5 -5e-05 -5e-05 1
vertex: -0.19509032 0 0.98078528 1 1 1 0.28125 0.5 -0.19513936 -5e-05 0.98077552
vertex: -0.38268343 0 0.92387953 1 1 1 0.3125 0.5 -0.38272963 -5e-05 0.9238604
vertex: -0.55557023 0 0.83146961 1 1 1 0.34375 0.5 -0.55561181 -5e-05 0.83144183
vertex: -0.70710678 0 0.70710678 1 1 1 0.375 0.5 -0.70714213 -4.9999999e-05 0.70707142
vertex: -0.83146961 0 0.55557023 1 1 1 0.40625 0.5 -0.83149739 -5e-05 0.55552866
vertex: -0.92387953 0 0.38268343 1 1 1 0.4375 0.5 -0.92389866 -5e-05 0.38263724
vertex: -0.98078528 0 0.19509032 1 1 1 0.46875 0.5 -0.98079503 -5e-05 0.19504128
vertex: -1 0 0 1 1 1 0.5 0.5 -1 -5e-05 -5e-05
vertex: -0.98078528 0 -0.19509032 1 1 1 0.53125 0.5 -0.98077552 -5e-05 -0.19513936
vertex: -0.92387953 0 -0.38268343 1 1 1 0.5625 0.5 -0.9238604 -5e-05 -0.38272963
vertex: -0.83146961 0 -0.55557023 1 1 1 0.59375 0.5 -0.83144183 -5e-05 -0.55561181
vertex: -0.70710678 0 -0.70710678 1 1 1 0.625 0.5 -0.70707142 -4.9999999e-05 -0.70714213
vertex: -0.55557023 0 -0.83146961 1 1 1 0.65625 0.5 -0.55552866 -5e-05 -0.83149739
vertex: -0.38268343 0 -0.92387953 1 1 1 0.6875 0.5 -0.38263724 -5e-05 -0.92389866
vertex: -0.19509032 0 -0.98078528 1 1 1 0.71875 0.5 -0.19504128 -5e-05 -0.98079503
vertex: 0 0 -1 1 1 1 0.75 0.5 5e-05 -5e-05 -1
vertex: 0.19509032 0 -0.98078528 1 1 1 0.78125 0.5 0.19513936 -5e-05 -0.98077552
vertex: 0.38268343 0 -0.92387953 1 1 1 0.8125 0.5 0.38272963 -5e-05 -0.9238604
vertex: 0.55557023 0 -0.83146961 1 1 1 0.84375 0.5 0.55561181 -5e-05 -0.83144183
vertex: 0.70710678 0 -0.70710678 1 1 1 0.875 0.5 0.70714213 -4.9999999e-05 -0.70707142
vertex: 0.83146961 0 -0.55557023 1 1 1 0.90625 0.5 0.83149739 -5e-05 -0.55552866
vertex: 0.92387953 0 -0.38268343 1 1 1 0.9375 0.5 0.92389866 -5e-05 -0.38263724
vertex: 0.98078528 0 -0.19509032 1 1 1 0.96875 0.5 0.98079503 -5e-05 -0.19504128
vertex: 1 0 0 1 1 1 1 0.5 1 -5e-05 5e-05
vertex: 0.98768834 -0.15643447 0 1 1 1 0 0.55 0.98768052 -0.15648385 4.9384025e-05
vertex: 0.96871019 -0.15643447 0.19268844 1 1 1 0.03125 0.55 0.96869288 -0.15648385 0.19273535
vertex: 0.91250504 -0.15643447 0.37797196 1 1 1 0.0625 0.55 0.91247892 -0.15648385 0.37801459
vertex: 0.82123284 -0.15643447 0.54873024 1 1 1 0.09375 0.55 0.8211989 -0.15648385 0.54876696
vertex: 0.69840112 -0.15643447 0.69840112 1 1 1 0.125 0.55 0.69836067 -0.15648385 0.69843051
vertex: 0.54873024 -0.15643447 0.82123284 1 1 1 0.15625 0.55 0.54868483 -0.15648385 0.82125377
vertex: 0.37797196 -0.15643447 0.91250504 1 1 1 0.1875 0.55 0.37792335 -0.15648385 0.91251671
vertex: 0.19268844 -0.15643447 0.96871019 1 1 1 0.21875 0.55 0.19263847 -0.15648385 0.96871215
vertex: 0 -0.15643447 0.98768834 1 1 1 0.25 0.55 -4.9384025e-05 -0.15648385 0.98768052
vertex: -0.19268844 -0.15643447 0.96871019 1 1 1 0.28125 0.55 -0.19273535 -0.15648385 0.96869288
vertex: -0.37797196 -0.15643447 0.91250504 1 1 1 0.3125 0.55 -0.37801459 -0.15648385 0.91247892
vertex: -0.54873024 -0.15643447 0.82123284 1 1 1 0.34375 0.55 -0.54876696 -0.15648385 0.8211989
vertex: -0.69840112 -0.15643447 0.69840112 1 1 1 0.375 0.55 -0.69843051 -0.15648385 0.69836067
vertex: -0.82123284 -0.15643447 0.54873024 1 1 1 0.40625 0.55 -0.82125377 -0.15648385 0.54868483
vertex: -0.91250504 -0.15643447 0.37797196 1 1 1 0.4375 0.55 -0.91251671 -0.15648385 0.37792335
vertex: -0.96871019 -0.15643447 0.19268844 1 1 1 0.46875 0.55 -0.96871215 -0.15648385 0.19263847
vertex: -0.98768834 -0.15643447 0 1 1 1 0.5 0.55 -0.98768052 -0.15648385 -4.9384025e-05
vertex: -0.96871019 -0.15643447 -0.19268844 1 1 1 0.53125 0.55 -0.96869288 -0.15648385 -0.19273535
vertex: -0.91250504 -0.15643447 -0.37797196 1 1 1 0.5625 0.55 -0.91247892 -0.15648385 -0.3780146
vertex: -0.82123284 -0.15643447 -0.54873024 1 1 1 0.59375 0.55 -0.8211989 -0.15648385 -0.54876696
vertex: -0.69840112 -0.15643447 -0.69840112 1 1 1 0.625 0.55 -0.69836067 -0.15648385 -0.69843051
vertex: -0.54873024 -0.15643447 -0.82123284 1 1 1 0.65625 0.55 -0.54868483 -0.15648385 -0.82125377
vertex: -0.37797196 -0.15643447 -0.91250504 1 1 1 0.6875 0.55 -0.37792335 -0.15648385 -0.91251671
vertex: -0.19268844 -0.15643447 -0.96871019 1 1 1 0.71875 0.55 -0.19263847 -0.15648385 -0.96871215
vertex: 0 -0.15643447 -0.98768834 1 1 1 0.75 0.55 4.9384025e-05 -0.15648385 -0.98768052
vertex: 0.19268844 -0.15643447 -0.96871019 1 1 1 0.78125 0.55 0.19273535 -0.15648385 -0.96869288
vertex: 0.37797196 -0.15643447 -0.91250504 1 1 1 0.8125 0.55 0.3780146 -0.15648385 -0.91247892
vertex: 0.54873024 -0.15643447 -0.82123284 1 1 1 0.84375 0.55 0.54876696 -0.15648385 -0.8211989
vertex: 0.69840112 -0.15643447 -0.69840112 1 1 1 0.875 0.55 0.69843051 -0.15648385 -0.69836067
vertex: 0.82123284 -0.15643447 -0.54873024 1 1 1 0.90625 0.55 0.82125377 -0.15648385 -0.54868483
vertex: 0.91250504 -0.15643447 -0.37797196 1 1 1 0.9375 0.55 0.91251671 -0.15648385 -0.37792335
vertex: 0.96871019 -0.15643447 -0.19268844 1 1 1 0.96875 0.55 0.96871215 -0.15648385 -0.19263847
vertex: 0.98768834 -0.15643447 0 1 1 1 1 0.55 0.98768052 -0.15648385 4.9384025e-05
vertex: 0.95105652 -0.30901699 0 1 1 1 0 0.6 0.95104106 -0.30906455 4.7552052e-05
vertex: 0.93278223 -0.30901699 0.18554192 1 1 1 0.03125 0.6 0.9327578 -0.30906455 0.18558555
vertex: 0.87866165 -0.30901699 0.36395357 1 1 1 0.0625 0.6 0.87862918 -0.30906455 0.36399159
vertex: 0.79077459 -0.30901699 0.52837869 1 1 1 0.09375 0.6 0.79073533 -0.30906455 0.52840964
vertex: 0.67249851 -0.30901699 0.67249851 1 1 1 0.125 0.6 0.67245396 -0.30906455 0.67252121
vertex: 0.52837869 -0.30901699 0.79077459 1 1 1 0.15625 0.6 0.52833057 -0.30906455 0.79078816
vertex: 0.36395357 -0.30901699 0.87866165 1 1 1 0.1875 0.6 0.36390373 -0.30906455 0.87866557
vertex: 0.18554192 -0.30901699 0.93278223 1 1 1 0.21875 0.6 0.18549227 -0.30906455 0.93277635
vertex: 0 -0.30901699 0.95105652 1 1 1 0.25 0.6 -4.7552052e-05 -0.30906455 0.95104106
vertex: -0.18554192 -0.30901699 0.93278223 1 1 1 0.28125 0.6 -0.18558555 -0.30906455 0.9327578
vertex: -0.36395357 -0.30901699 0.87866165 1 1 1 0.3125 0.6 -0.36399159 -0.30906455 0.87862918
vertex: -0.52837869 -0.30901699 0.79077459 1 1 1 0.34375 0.6 -0.52840964 -0.30906455 0.79073533
vertex: -0.67249851 -0.30901699 0.67249851 1 1 1 0.375 0.6 -0.67252121 -0.30906455 0.67245396
vertex: -0.79077459 -0.30901699 0.52837869 1 1 1 0.40625 0.6 -0.79078816 -0.30906455 0.52833057
vertex: -0.87866165 -0.30901699 0.36395357 1 1 1 0.4375 0.6 -0.87866557 -0.30906455 0.36390373
vertex: -0.93278223 -0.30901699 0.18554192 1 1 1 0.46875 0.6 -0.93277635 -0.30906455 0.18549227
vertex: -0.95105652 -0.30901699 0 1 1 1 0.5 0.6 -0.95104106 -0.30906455 -4.7552052e-05
vertex: -0.93278223 -0.30901699 -0.18554192 1 1 1 0.53125 0.6 -0.9327578 -0.30906455 -0.18558555
vertex: -0.87866165 -0.30901699 -0.36395357 1 1 1 0.5625 0.6 -0.87862918 -0.30906455 -0.36399159
vertex: -0.79077459 -0.30901699 -0.52837869 1 1 1 0.59375 0.6 -0.79073533 -0.30906455 -0.52840964
vertex: -0.67249851 -0.30901699 -0.67249851 1 1 1 0.625 0.6 -0.67245396 -0.30906455 -0.67252121
vertex: -0.52837869 -0.30901699 -0.79077459 1 1 1 0.65625 0.6 -0.52833057 -0.30906455 -0.79078816
vertex: -0.36395357 -0.30901699 -0.87866165 1 1 1 0.6875 0.6 -0.36390373 -0.30906455 -0.87866557
vertex: -0.18554192 -0.30901699 -0.93278223 1 1 1 0.71875 0.6 -0.18549227 -0.30906455 -0.93277635
vertex: 0 -0.30901699 -0.95105652 1 1 1 0.75 0.6 4.7552052e-05 -0.30906455 -0.95104106
vertex: 0.18554192 -0.30901699 -0.93278223 1 1 1 0.78125 0.6 0.18558555 -0.30906455 -0.9327578
vertex: 0.36395357 -0.30901699 -0.87866165 1 1 1 0.8125 0.6 0.36399159 -0.30906455 -0.87862918
vertex: 0.52837869 -0.30901699 -0.79077459 1 1 1 0.84375 0.6 0.52840964 -0.30906455 -0.79073533
vertex: 0.67249851 -0.30901699 -0.67249851 1 1 1 0.875 0.6 0.67252121 -0.30906455 -0.67245396
vertex: 0.79077459 -0.30901699 -0.52837869 1 1 1 0.90625 0.6 0.79078816 -0.30906455 -0.52833057
vertex: 0.87866165 -0.30901699 -0.36395357 1 1 1 0.9375 0.6 0.87866557 -0.30906455 -0.36390373
vertex: 0.93278223 -0.30901699 -0.18554192 1 1 1 0.96875 0.6 0.93277635 -0.30906455 -0.18549227
vertex: 0.95105652 -0.30901699 0 1 1 1 1 0.6 0.95104106 -0.30906455 4.7552052e-05
vertex: 0.89100652 -0.4539905 0 1 1 1 0 0.65 0.89098382 -0.45403505 4.4549191e-05
vertex: 0.87388608 -0.4539905 0.17382675 1 1 1 0.03125 0.65 0.87385513 -0.45403505 0.17386601
vertex: 0.82318269 -0.4539905 0.34097343 1 1 1 0.0625 0.65 0.82314467 -0.45403505 0.34100591
vertex: 0.74084485 -0.4539905 0.4950167 1 1 1 0.09375 0.65 0.74080122 -0.45403505 0.49504113
vertex: 0.63003676 -0.4539905 0.63003676 1 1 1 0.125 0.65 0.6299892 -0.45403505 0.6300522
vertex: 0.4950167 -0.4539905 0.74084485 1 1 1 0.15625 0.65 0.49496705 -0.45403505 0.74085072
vertex: 0.34097343 -0.4539905 0.82318269 1 1 1 0.1875 0.65 0.34092359 -0.45403505 0.82317877
vertex: 0.17382675 -0.4539905 0.87388608 1 1 1 0.21875 0.65 0.17377863 -0.45403505 0.87387251
vertex: 0 -0.4539905 0.89100652 1 1 1 0.25 0.65 -4.4549191e-05 -0.45403505 0.89098382
vertex: -0.17382675 -0.4539905 0.87388608 1 1 1 0.28125 0.65 -0.17386601 -0.45403505 0.87385513
vertex: -0.34097343 -0.4539905 0.82318269 1 1 1 0.3125 0.65 -0.34100591 -0.45403505 0.82314467
vertex: -0.4950167 -0.4539905 0.74084485 1 1 1 0.34375 0.65 -0.49504113 -0.45403505 0.74080122
vertex: -0.63003676 -0.4539905 0.63003676 1 1 1 0.375 0.65 -0.6300522 -0.45403505 0.6299892
vertex: -0.74084485 -0.4539905 0.4950167 1 1 1 0.40625 0.65 -0.74085072 -0.45403505 0.49496705
vertex: -0.82318269 -0.4539905 0.34097343 1 1 1 0.4375 0.65 -0.82317877 -0.45403505 0.34092359
vertex: -0.87388608 -0.4539905 0.17382675 1 1 1 0.46875 0.65 -0.87387251 -0.45403505 0.17377863
vertex: -0.89100652 -0.4539905 0 1 1 1 0.5 0.65 -0.89098382 -0.45403505 -4.4549191e-05
vertex: -0.87388608 -0.4539905 -0.17382675 1 1 1 0.53125 0.65 -0.87385513 -0.45403505 -0.17386601
vertex: -0.82318269 -0.4539905 -0.34097343 1 1 1 0.5625 0.65 -0.82314467 -0.45403505 -0.34100591
vertex: -0.74084485 -0.4539905 -0.4950167 1 1 1 0.59375 0.65 -0.74080122 -0.45403505 -0.49504113
vertex: -0.63003676 -0.4539905 -0.63003676 1 1 1 0.625 0.65 -0.6299892 -0.45403505 -0.6300522
vertex: -0.4950167 -0.4539905 -0.74084485 1 1 1 0.65625 0.65 -0.49496705 -0.45403505 -0.74085072
vertex: -0.34097343 -0.4539905 -0.82318269 1 1 1 0.6875 0.65 -0.34092359 -0.45403505 -0.82317877
vertex: -0.17382675 -0.4539905 -0.87388608 1 1 1 0.71875 0.65 -0.17377863 -0.45403505 -0.87387251
vertex: 0 -0.4539905 -0.89100652 1 1 1 0.75 0.65 4.4549191e-05 -0.45403505 -0.89098382
vertex: 0.17382675 -0.4539905 -0.87388608 1 1 1 0.78125 0.65 0.17386601 -0.45403505 -0.87385513
vertex: 0.34097343 -0.4539905 -0.82318269 1 1 1 0.8125 0.65 0.34100591 -0.45403505 -0.82314467
vertex: 0.4950167 -0.4539905 -0.74084485 1 1 1 0.84375 0.65 0.49504113 -0.45403505 -0.74080122
vertex: 0.63003676 -0.4539905 -0.63003676 1 1 1 0.875 0.65 0.6300522 -0.45403505 -0.6299892
vertex: 0.74084485 -0.4539905 -0.4950167 1 1 1 0.90625 0.65 0.74085072 -0.45403505 -0.49496705
vertex: 0.82318269 -0.4539905 -0.34097343 1 1 1 0.9375 0.65 0.82317877 -0.45403505 -0.34092359
vertex: 0.87388608 -0.4539905 -0.17382675 1 1 1 0.96875 0.65 0.87387251 -0.45403505 -0.17377863
vertex: 0.89100652 -0.4539905 0 1 1 1 1 0.65 0.89098382 -0.45403505 4.4549191e-05
vertex: 0.80901699 -0.58778525 0 1 1 1 0 0.7 0.8089876 -0.5878257 4.044938e-05
vertex: 0.79347196 -0.58778525 0.15783139 1 1 1 0.03125 0.7 0.79343524 -0.5878257 0.15786532
vertex: 0.74743424 -0.58778525 0.3095974 1 1 1 0.0625 0.7 0.74739161 -0.5878257 0.30962352
vertex: 0.67267305 -0.58778525 0.44946576 1 1 1 0.09375 0.7 0.67262614 -0.5878257 0.44948306
vertex: 0.5720614 -0.58778525 0.5720614 1 1 1 0.125 0.7 0.57201202 -0.5878257 0.57206922
vertex: 0.44946576 -0.58778525 0.67267305 1 1 1 0.15625 0.7 0.4494158 -0.5878257 0.67267108
vertex: 0.3095974 -0.58778525 0.74743424 1 1 1 0.1875 0.7 0.30954878 -0.5878257 0.74742257
vertex: 0.15783139 -0.58778525 0.79347196 1 1 1 0.21875 0.7 0.15778598 -0.5878257 0.79345102
vertex: 0 -0.58778525 0.80901699 1 1 1 0.25 0.7 -4.044938e-05 -0.5878257 0.8089876
vertex: -0.15783139 -0.58778525 0.79347196 1 1 1 0.28125 0.7 -0.15786532 -0.5878257 0.79343524
vertex: -0.3095974 -0.58778525 0.74743424 1 1 1 0.3125 0.7 -0.30962352 -0.5878257 0.74739161
vertex: -0.44946576 -0.58778525 0.67267305 1 1 1 0.34375 0.7 -0.44948306 -0.5878257 0.67262614
vertex: -0.5720614 -0.58778525 0.5720614 1 1 1 0.375 0.7 -0.57206922 -0.5878257 0.57201202
vertex: -0.67267305 -0.58778525 0.44946576 1 1 1 0.40625 0.7 -0.67267108 -0.5878257 0.4494158
vertex: -0.74743424 -0.58778525 0.3095974 1 1 1 0.4375 0.7 -0.74742257 -0.5878257 0.30954878
vertex: -0.79347196 -0.58778525 0.15783139 1 1 1 0.46875 0.7 -0.79345102 -0.5878257 0.15778598
vertex: -0.80901699 -0.58778525 0 1 1 1 0.5 0.7 -0.8089876 -0.5878257 -4.044938e-05
vertex: -0.79347196 -0.58778525 -0.15783139 1 1 1 0.53125 0.7 -0.79343524 -0.5878257 -0.15786532
vertex: -0.74743424 -0.58778525 -0.3095974 1 1 1 0.5625 0.7 -0.74739161 -0.5878257 -0.30962352
vertex: -0.67267305 -0.58778525 -0.44946576 1 1 1 0.59375 0.7 -0.67262614 -0.5878257 -0.44948306
vertex: -0.5720614 -0.58778525 -0.5720614 1 1 1 0.625 0.7 -0.57201202 -0.5878257 -0.57206922
vertex: -0.44946576 -0.58778525 -0.67267305 1 1 1 0.65625 0.7 -0.4494158 -0.5878257 -0.67267108
vertex: -0.3095974 -0.58778525 -0.74743424 1 1 1 0.6875 0.7 -0.30954878 -0.5878257 -0.74742257
vertex: -0.15783139 -0.58778525 -0.79347196 1 1 1 0.71875 0.7 -0.15778598 -0.5878257 -0.79345102
vertex: 0 -0.58778525 -0.80901699 1 1 1 0.75 0.7 4.044938e-05 -0.5878257 -0.8089876
vertex: 0.15783139 -0.58778525 -0.79347196 1 1 1 0.78125 0.7 0.15786532 -0.5878257 -0.79343524
vertex: 0.3095974 -0.58778525 -0.74743424 1 1 1 0.8125 0.7 0.30962352 -0.5878257 -0.74739161
vertex: 0.44946576 -0.58778525 -0.67267305 1 1 1 0.84375 0.7 0.44948306 -0.5878257 -0.67262614
vertex: 0.5720614 -0.58778525 -0.5720614 1 1 1 0.875 0.7 0.57206922 -0.5878257 -0.57201202
vertex: 0.67267305 -0.58778525 -0.44946576 1 1 1 0.90625 0.7 0.67267108 -0.5878257 -0.4494158
vertex: 0.74743424 -0.58778525 -0.3095974 1 1 1 0.9375 0.7 0.74742257 -0.5878257 -0.30954878
vertex: 0.79347196 -0.58778525 -0.15783139 1 1 1 0.96875 0.7 0.79345102 -0.5878257 -0.15778598
vertex: 0.80901699 -0.58778525 0 1 1 1 1 0.7 0.8089876 -0.5878257 4.044938e-05
vertex: 0.70710678 -0.70710678 0 1 1 1 0 0.75 0.70707142 -0.70714214 3.5353571e-05
vertex: 0.69351992 -0.70710678 0.13794969 1 1 1 0.03125 0.75 0.69347835 -0.70714214 0.13797747
vertex: 0.65328148 -0.70710678 0.27059805 1 1 1 0.0625 0.75 0.65323529 -0.70714214 0.27061718
vertex: 0.5879378 -0.70710678 0.39284748 1 1 1 0.09375 0.75 0.58788876 -0.70714214 0.39285723
vertex: 0.5 -0.70710678 0.5 1 1 1 0.125 0.75 0.49995 -0.70714214 0.5
vertex: 0.39284748 -0.70710678 0.5879378 1 1 1 0.15625 0.75 0.39279844 -0.70714214 0.58792804
vertex: 0.27059805 -0.70710678 0.65328148 1 1 1 0.1875 0.75 0.27055186 -0.70714214 0.65326235
vertex: 0.13794969 -0.70710678 0.69351992 1 1 1 0.21875 0.75 0.13790812 -0.70714214 0.69349214
vertex: 0 -0.70710678 0.70710678 1 1 1 0.25 0.75 -3.5353571e-05 -0.70714214 0.70707142
vertex: -0.13794969 -0.70710678 0.69351992 1 1 1 0.28125 0.75 -0.13797747 -0.70714214 0.69347835
vertex: -0.27059805 -0.70710678 0.65328148 1 1 1 0.3125 0.75 -0.27061718 -0.70714214 0.65323529
vertex: -0.39284748 -0.70710678 0.5879378 1 1 1 0.34375 0.75 -0.39285723 -0.70714214 0.58788876
vertex: -0.5 -0.70710678 0.5 1 1 1 0.375 0.75 -0.5 -0.70714214 0.49995
vertex: -0.5879378 -0.70710678 0.39284748 1 1 1 0.40625 0.75 -0.58792804 -0.70714214 0.39279844
vertex: -0.65328148 -0.70710678 0.27059805 1 1 1 0.4375 0.75 -0.65326235 -0.70714214 0.27055186
vertex: -0.69351992 -0.70710678 0.13794969 1 1 1 0.46875 0.75 -0.69349214 -0.70714214 0.13790812
vertex: -0.70710678 -0.70710678 0 1 1 1 0.5 0.75 -0.70707142 -0.70714214 -3.5353571e-05
vertex: -0.69351992 -0.70710678 -0.13794969 1 1 1 0.53125 0.75 -0.69347835 -0.70714214 -0.13797747
vertex: -0.65328148 -0.70710678 -0.27059805 1 1 1 0.5625 0.75 -0.65323529 -0.70714214 -0.27061718
vertex: -0.5879378 -0.70710678 -0.39284748 1 1 1 0.59375 0.75 -0.58788876 -0.70714214 -0.39285723
vertex: -0.5 -0.70710678 -0.5 1 1 1 0.625 0.75 -0.49995 -0.70714214 -0.5
vertex: -0.39284748 -0.70710678 -0.5879378 1 1 1 0.65625 0.75 -0.39279844 -0.70714214 -0.58792804
vertex: -0.27059805 -0.70710678 -0.65328148 1 1 1 0.6875 0.75 -0.27055186 -0.70714214 -0.65326235
vertex: -0.13794969 -0.70710678 -0.69351992 1 1 1 0.71875 0.75 -0.13790812 -0.70714214 -0.69349214
vertex: 0 -0.70710678 -0.70710678 1 1 1 0.75 0.75 3.5353571e-05 -0.70714214 -0.70707142
vertex: 0.13794969 -0.70710678 -0.69351992 1 1 1 0.78125 0.75 0.13797747 -0.70714214 -0.69347835
vertex: 0.27059805 -0.70710678 -0.65328148 1 1 1 0.8125 0.75 0.27061718 -0.70714214 -0.65323529
vertex: 0.39284748 -0.70710678 -0.5879378 1 1 1 0.84375 0.75 0.39285723 -0.70714214 -0.58788876
vertex: 0.5 -0.70710678 -0.5 1 1 1 0.875 0.75 0.5 -0.70714214 -0.49995
vertex: 0.5879378 -0.70710678 -0.39284748 1 1 1 0.90625 0.75 0.58792804 -0.70714214 -0.39279844
vertex: 0.65328148 -0.70710678 -0.27059805 1 1 1 0.9375 0.75 0.65326235 -0.70714214 -0.27055186
vertex: 0.69351992 -0.70710678 -0.13794969 1 1 1 0.96875 0.75 0.69349214 -0.70714214 -0.13790812
vertex: 0.70710678 -0.70710678 0 1 1 1 1 0.75 0.70707142 -0.70714214 3.5353571e-05
vertex: 0.58778525 -0.80901699 0 1 1 1 0 0.8 0.5877448 -0.80904638 2.938724e-05
vertex: 0.57649112 -0.80901699 0.11467121 1 1 1 0.03125 0.8 0.57644572 -0.80904638 0.11469214
vertex: 0.54304276 -0.80901699 0.22493568 1 1 1 0.0625 0.8 0.54299415 -0.80904638 0.22494735
vertex: 0.48872558 -0.80901699 0.32655599 1 1 1 0.09375 0.8 0.48867561 -0.80904638 0.32655795
vertex: 0.41562694 -0.80901699 0.41562694 1 1 1 0.125 0.8 0.41557755 -0.80904638 0.41561911
vertex: 0.32655599 -0.80901699 0.48872558 1 1 1 0.15625 0.8 0.32650908 -0.80904638 0.48870827
vertex: 0.22493568 -0.80901699 0.54304276 1 1 1 0.1875 0.8 0.22489305 -0.80904638 0.54301664
vertex: 0.11467121 -0.80901699 0.57649112 1 1 1 0.21875 0.8 0.1146345 -0.80904638 0.57645718
vertex: 0 -0.80901699 0.58778525 1 1 1 0.25 0.8 -2.938724e-05 -0.80904638 0.5877448
vertex: -0.11467121 -0.80901699 0.57649112 1 1 1 0.28125 0.8 -0.11469214 -0.80904638 0.57644572
vertex: -0.22493568 -0.80901699 0.54304276 1 1 1 0.3125 0.8 -0.22494735 -0.80904638 0.54299415
vertex: -0.32655599 -0.80901699 0.48872558 1 1 1 0.34375 0.8 -0.32655795 -0.80904638 0.48867561
vertex: -0.41562694 -0.80901699 0.41562694 1 1 1 0.375 0.8 -0.41561911 -0.80904638 0.41557755
vertex: -0.48872558 -0.80901699 0.32655599 1 1 1 0.40625 0.8 -0.48870827 -0.80904638 0.32650908
vertex: -0.54304276 -0.80901699 0.22493568 1 1 1 0.4375 0.8 -0.54301664 -0.80904638 0.22489305
vertex: -0.57649112 -0.80901699 0.11467121 1 1 1 0.46875 0.8 -0.57645718 -0.80904638 0.1146345
vertex: -0.58778525 -0.80901699 0 1 1 1 0.5 0.8 -0.5877448 -0.80904638 -2.938724e-05
vertex: -0.57649112 -0.80901699 -0.11467121 1 1 1 0.53125 0.8 -0.57644572 -0.80904638 -0.11469214
vertex: -0.54304276 -0.80901699 -0.22493568 1 1 1 0.5625 0.8 -0.54299415 -0.80904638 -0.22494735
vertex: -0.48872558 -0.80901699 -0.32655599 1 1 1 0.59375 0.8 -0.48867561 -0.80904638 -0.32655795
vertex: -0.41562694 -0.80901699 -0.41562694 1 1 1 0.625 0.8 -0.41557755 -0.80904638 -0.41561911
vertex: -0.32655599 -0.80901699 -0.48872558 1 1 1 0.65625 0.8 -0.32650908 -0.80904638 -0.48870827
vertex: -0.22493568 -0.80901699 -0.54304276 1 1 1 0.6875 0.8 -0.22489305 -0.80904638 -0.54301664
vertex: -0.11467121 -0.80901699 -0.57649112 1 1 1 0.71875 0.8 -0.1146345 -0.80904638 -0.57645718
vertex: 0 -0.80901699 -0.58778525 1 1 1 0.75 0.8 2.938724e-05 -0.80904638 -0.5877448
vertex: 0.11467121 -0.80901699 -0.57649112 1 1 1 0.78125 0.8 0.11469214 -0.80904638 -0.57644572
vertex: 0.22493568 -0.80901699 -0.54304276 1 1 1 0.8125 0.8 0.22494735 -0.80904638 -0.54299415
vertex: 0.32655599 -0.80901699 -0.48872558 1 1 1 0.84375 0.8 0.32655795 -0.80904638 -0.48867561
vertex: 0.41562694 -0.80901699 -0.41562694 1 1 1 0.875 0.8 0.41561911 -0.80904638 -0.41557755
vertex: 0.48872558 -0.80901699 -0.32655599 1 1 1 0.90625 0.8 0.48870827 -0.80904638 -0.32650908
vertex: 0.54304276 -0.80901699 -0.22493568 1 1 1 0.9375 0.8 0.54301664 -0.80904638 -0.22489305
vertex: 0.57649112 -0.80901699 -0.11467121 1 1 1 0.96875 0.8 0.57645718 -0.80904638 -0.1146345
vertex: 0.58778525 -0.80901699 0 1 1 1 1 0.8 0.5877448 -0.80904638 2.938724e-05
vertex: 0.4539905 -0.89100652 0 1 1 1 0 0.85 0.45394595 -0.89102922 2.2697298e-05
vertex: 0.4452672 -0.89100652 0.088569153 1 1 1 0.03125 0.85 0.44521908 -0.89102922 0.088582722
vertex: 0.41943253 -0.89100652 0.17373464 1 1 1 0.0625 0.85 0.41938269 -0.89102922 0.17373856
vertex: 0.3774793 -0.89100652 0.25222361 1 1 1 0.09375 0.85 0.37742965 -0.89102922 0.25221773
vertex: 0.32101976 -0.89100652 0.32101976 1 1 1 0.125 0.85 0.32097221 -0.89102922 0.32100431
vertex: 0.25222361 -0.89100652 0.3774793 1 1 1 0.15625 0.85 0.25217998 -0.89102922 0.37745487
vertex: 0.17373464 -0.89100652 0.41943253 1 1 1 0.1875 0.85 0.17369662 -0.89102922 0.41940006
vertex: 0.088569153 -0.89100652 0.4452672 1 1 1 0.21875 0.85 0.0885382 -0.89102922 0.44522793
vertex: 0 -0.89100652 0.4539905 1 1 1 0.25 0.85 -2.2697298e-05 -0.89102922 0.45394595
vertex: -0.088569153 -0.89100652 0.4452672 1 1 1 0.28125 0.85 -0.088582722 -0.89102922 0.44521908
vertex: -0.17373464 -0.89100652 0.41943253 1 1 1 0.3125 0.85 -0.17373856 -0.89102922 0.41938269
vertex: -0.25222361 -0.89100652 0.3774793 1 1 1 0.34375 0.85 -0.25221773 -0.89102922 0.37742965
vertex: -0.32101976 -0.89100652 0.32101976 1 1 1 0.375 0.85 -0.32100431 -0.89102922 0.32097221
vertex: -0.3774793 -0.89100652 0.25222361 1 1 1 0.40625 0.85 -0.37745487 -0.89102922 0.25217998
vertex: -0.41943253 -0.89100652 0.17373464 1 1 1 0.4375 0.85 -0.41940006 -0.89102922 0.17369662
vertex: -0.4452672 -0.89100652 0.088569153 1 1 1 0.46875 0.85 -0.44522793 -0.89102922 0.0885382
vertex: -0.4539905 -0.89100652 0 1 1 1 0.5 0.85 -0.45394595 -0.89102922 -2.2697298e-05
vertex: -0.4452672 -0.89100652 -0.088569153 1 1 1 0.53125 0.85 -0.44521908 -0.89102922 -0.088582722
vertex: -0.41943253 -0.89100652 -0.17373464 1 1 1 0.5625 0.85 -0.41938269 -0.89102922 -0.17373856
vertex: -0.3774793 -0.89100652 -0.25222361 1 1 1 0.59375 0.85 -0.37742965 -0.89102922 -0.25221773
vertex: -0.32101976 -0.89100652 -0.32101976 1 1 1 0.625 0.85 -0.32097221 -0.89102922 -0.32100431
vertex: -0.25222361 -0.89100652 -0.3774793 1 1 1 0.65625 0.85 -0.25217998 -0.89102922 -0.37745487
vertex: -0.17373464 -0.89100652 -0.41943253 1 1 1 0.6875 0.85 -0.17369662 -0.89102922 -0.41940006
vertex: -0.088569153 -0.89100652 -0.4452672 1 1 1 0.71875 0.85 -0.0885382 -0.89102922 -0.44522793
vertex: 0 -0.89100652 -0.4539905 1 1 1 0.75 0.85 2.2697298e-05 -0.89102922 -0.45394595
vertex: 0.088569153 -0.89100652 -0.4452672 1 1 1 0.78125 0.85 0.088582722 -0.89102922 -0.44521908
vertex: 0.17373464 -0.89100652 -0.41943253 1 1 1 0.8125 0.85 0.17373856 -0.89102922 -0.41938269
vertex: 0.25222361 -0.89100652 -0.3774793 1 1 1 0.84375 0.85 0.25221773 -0.89102922 -0.37742965
vertex: 0.32101976 -0.89100652 -0.32101976 1 1 1 0.875 0.85 0.32100431 -0.89102922 -0.32097221
vertex: 0.3774793 -0.89100652 -0.25222361 1 1 1 0.90625 0.85 0.37745487 -0.89102922 -0.25217998
vertex: 0.41943253 -0.89100652 -0.17373464 1 1 1 0.9375 0.85 0.41940006 -0.89102922 -0.17369662
vertex: 0.4452672 -0.89100652 -0.088569153 1 1 1 0.96875 0.85 0.44522793 -0.89102922 -0.0885382
vertex: 0.4539905 -0.89100652 0 1 1 1 1 0.85 0.45394595 -0.89102922 2.2697298e-05
vertex: 0.30901699 -0.95105652 0 1 1 1 0 0.9 0.30896944 -0.95107197 1.5448472e-05
vertex: 0.30307932 -0.95105652 0.060286225 1 1 1 0.03125 0.9 0.30302967 -0.95107197 0.060292099
vertex: 0.28549448 -0.95105652 0.11825568 1 1 1 0.0625 0.9 0.28544463 -0.95107197 0.11825176
vertex: 0.25693824 -0.95105652 0.17168064 1 1 1 0.09375 0.9 0.25689012 -0.95107197 0.17166707
vertex: 0.21850801 -0.95105652 0.21850801 1 1 1 0.125 0.9 0.21846346 -0.95107197 0.21848531
vertex: 0.17168064 -0.95105652 0.25693824 1 1 1 0.15625 0.9 0.17164138 -0.95107197 0.25690728
vertex: 0.11825568 -0.95105652 0.28549448 1 1 1 0.1875 0.9 0.11822321 -0.95107197 0.28545645
vertex: 0.060286225 -0.95105652 0.30307932 1 1 1 0.21875 0.9 0.060261796 -0.95107197 0.30303569
vertex: 0 -0.95105652 0.30901699 1 1 1 0.25 0.9 -1.5448472e-05 -0.95107197 0.30896944
vertex: -0.060286225 -0.95105652 0.30307932 1 1 1 0.28125 0.9 -0.060292099 -0.95107197 0.30302967
vertex: -0.11825568 -0.95105652 0.28549448 1 1 1 0.3125 0.9 -0.11825176 -0.95107197 0.28544463
vertex: -0.17168064 -0.95105652 0.25693824 1 1 1 0.34375 0.9 -0.17166707 -0.95107197 0.25689012
vertex: -0.21850801 -0.95105652 0.21850801 1 1 1 0.375 0.9 -0.21848531 -0.95107197 0.21846346
vertex: -0.25693824 -0.95105652 0.17168064 1 1 1 0.40625 0.9 -0.25690728 -0.95107197 0.17164138
vertex: -0.28549448 -0.95105652 0.11825568 1 1 1 0.4375 0.9 -0.28545645 -0.95107197 0.11822321
vertex: -0.30307932 -0.95105652 0.060286225 1 1 1 0.46875 0.9 -0.30303569 -0.95107197 0.060261796
vertex: -0.30901699 -0.95105652 0 1 1 1 0.5 0.9 -0.30896944 -0.95107197 -1.5448472e-05
vertex: -0.30307932 -0.95105652 -0.060286225 1 1 1 0.53125 0.9 -0.30302967 -0.95107197 -0.060292099
vertex: -0.28549448 -0.95105652 -0.11825568 1 1 1 0.5625 0.9 -0.28544463 -0.95107197 -0.11825176
vertex: -0.25693824 -0.95105652 -0.17168064 1 1 1 0.59375 0.9 -0.25689012 -0.95107197 -0.17166707
vertex: -0.21850801 -0.95105652 -0.21850801 1 1 1 0.625 0.9 -0.21846346 -0.95107197 -0.21848531
vertex: -0.17168064 -0.95105652 -0.25693824 1 1 1 0.65625 0.9 -0.17164138 -0.95107197 -0.25690728
vertex: -0.11825568 -0.95105652 -0.28549448 1 1 1 0.6875 0.9 -0.11822321 -0.95107197 -0.28545645
vertex: -0.060286225 -0.95105652 -0.30307932 1 1 1 0.71875 0.9 -0.060261796 -0.95107197 -0.30303569
vertex: 0 -0.95105652 -0.30901699 1 1 1 0.75 0.9 1.5448472e-05 -0.95107197 -0.30896944
vertex: 0.060286225 -0.95105652 -0.30307932 1 1 1 0.78125 0.9 0.060292099 -0.95107197 -0.30302967
vertex: 0.11825568 -0.95105652 -0.28549448 1 1 1 0.8125 0.9 0.11825176 -0.95107197 -0.28544463
vertex: 0.17168064 -0.95105652 -0.25693824 1 1 1 0.84375 0.9 0.17166707 -0.95107197 -0.25689012
vertex: 0.21850801 -0.95105652 -0.21850801 1 1 1 0.875 0.9 0.21848531 -0.95107197 -0.21846346
vertex: 0.25693824 -0.95105652 -0.17168064 1 1 1 0.90625 0.9 0.25690728 -0.95107197 -0.17164138
vertex: 0.28549448 -0.95105652 -0.11825568 1 1 1 0.9375 0.9 0.28545645 -0.95107197 -0.11822321
vertex: 0.30307932 -0.95105652 -0.060286225 1 1 1 0.96875 0.9 0.30303569 -0.95107197 -0.060261796
vertex: 0.30901699 -0.95105652 0 1 1 1 1 0.9 0.30896944 -0.95107197 1.5448472e-05
vertex: 0.15643447 -0.98768834 0 1 1 1 0 0.95 0.15638508 -0.98769616 7.8192541e-06
vertex: 0.15342862 -0.98768834 0.03051885 1 1 1 0.03125 0.95 0.15337866 -0.98769616 0.030516885
vertex: 0.1445266 -0.98768834 0.059864878 1 1 1 0.0625 0.95 0.14447798 -0.98769616 0.059853203
vertex: 0.1300705 -0.98768834 0.086910332 1 1 1 0.09375 0.95 0.1300251 -0.98769616 0.086889397
vertex: 0.11061587 -0.98768834 0.11061587 1 1 1 0.125 0.95 0.11057542 -0.98769616 0.11058648
vertex: 0.086910332 -0.98768834 0.1300705 1 1 1 0.15625 0.95 0.086876394 -0.98769616 0.13003379
vertex: 0.059864878 -0.98768834 0.1445266 1 1 1 0.1875 0.95 0.059838755 -0.98769616 0.14448397
vertex: 0.03051885 -0.98768834 0.15342862 1 1 1 0.21875 0.95 0.030501547 -0.98769616 0.15338171
vertex: 0 -0.98768834 0.15643447 1 1 1 0.25 0.95 -7.8192541e-06 -0.98769616 0.15638508
vertex: -0.03051885 -0.98768834 0.15342862 1 1 1 0.28125 0.95 -0.030516885 -0.98769616 0.15337866
vertex: -0.059864878 -0.98768834 0.1445266 1 1 1 0.3125 0.95 -0.059853203 -0.98769616 0.14447798
vertex: -0.086910332 -0.98768834 0.1300705 1 1 1 0.34375 0.95 -0.086889397 -0.98769616 0.1300251
vertex: -0.11061587 -0.98768834 0.11061587 1 1 1 0.375 0.95 -0.11058648 -0.98769616 0.11057542
vertex: -0.1300705 -0.98768834 0.086910332 1 1 1 0.40625 0.95 -0.13003379 -0.98769616 0.086876394
vertex: -0.1445266 -0.98768834 0.059864878 1 1 1 0.4375 0.95 -0.14448397 -0.98769616 0.059838755
vertex: -0.15342862 -0.98768834 0.03051885 1 1 1 0.46875 0.95 -0.15338171 -0.98769616 0.030501547
vertex: -0.15643447 -0.98768834 0 1 1 1 0.5 0.95 -0.15638508 -0.98769616 -7.8192541e-06
vertex: -0.15342862 -0.98768834 -0.03051885 1 1 1 0.53125 0.95 -0.15337866 -0.98769616 -0.030516885
vertex: -0.1445266 -0.98768834 -0.059864878 1 1 1 0.5625 0.95 -0.14447798 -0.98769616 -0.059853203
vertex: -0.1300705 -0.98768834 -0.086910332 1 1 1 0.59375 0.95 -0.1300251 -0.98769616 -0.086889397
vertex: -0.11061587 -0.98768834 -0.11061587 1 1 1 0.625 0.95 -0.11057542 -0.98769616 -0.11058648
vertex: -0.086910332 -0.98768834 -0.1300705 1 1 1 0.65625 0.95 -0.086876394 -0.98769616 -0.13003379
vertex: -0.059864878 -0.98768834 -0.1445266 1 1 1 0.6875 0.95 -0.059838755 -0.98769616 -0.14448397
vertex: -0.03051885 -0.98768834 -0.15342862 1 1 1 0.71875 0.95 -0.030501547 -0.98769616 -0.15338171
vertex: 0 -0.98768834 -0.15643447 1 1 1 0.75 0.95 7.8192541e-06 -0.98769616 -0.15638508
vertex: 0.03051885 -0.98768834 -0.15342862 1 1 1 0.78125 0.95 0.030516885 -0.98769616 -0.15337866
vertex: 0.059864878 -0.98768834 -0.1445266 1 1 1 0.8125 0.95 0.059853203 -0.98769616 -0.14447798
vertex: 0.086910332 -0.98768834 -0.1300705 1 1 1 0.84375 0.95 0.086889397 -0.98769616 -0.1300251
vertex: 0.11061587 -0.98768834 -0.11061587 1 1 1 0.875 0.95 0.11058648 -0.98769616 -0.11057542
vertex: 0.1300705 -0.98768834 -0.086910332 1 1 1 0.90625 0.95 0.13003379 -0.98769616 -0.086876394
vertex: 0.1445266 -0.98768834 -0.059864878 1 1 1 0.9375 0.95 0.14448397 -0.98769616 -0.059838755
vertex: 0.15342862 -0.98768834 -0.03051885 1 1 1 0.96875 0.95 0.15338171 -0.98769616 -0.030501547
vertex: 0.15643447 -0.98768834 0 1 1 1 1 0.95 0.15638508 -0.98769616 7.8192541e-06
vertex: 0 -1 0 1 1 1 0 1 0 -1 0
vertex: 0 -1 0 1 1 1 0.03125 1 0 -1 0
vertex: 0 -1 0 1 1 1 0.0625 1 0 -1 0
vertex: 0 -1 0 1 1 1 0.09375 1 0 -1 0
vertex: 0 -1 0 1 1 1 0.125 1 0 -1 0
vertex: 0 -1 0 1 1 1 0.15625 1 0 -1 0
vertex: 0 -1 0 1 1 1 0.1875 1 0 -1 0
vertex: 0 -1 0 1 1 1 0.21875 1 0 -1 0
vertex: 0 -1 0 1 1 1 0.25 1 0 -1 0
vertex: 0 -1 0 1 1 1 0.28125 1 0 -1 0
vertex: 0 -1 0 1 1 1 0.3125 1 0 -1 0
vertex: 0 -1 0 1 1 1 0.34375 1 0 -1 0
vertex: 0 -1 0 1 1 1 0.375 1 0 -1 0
vertex: 0 -1 0 1 1 1 0.40625 1 0 -1 0
vertex: 0 -1 0 1 1 1 0.4375 1 0 -1 0
vertex: 0 -1 0 1 1 1 0.46875 1 0 -1 0
vertex: 0 -1 0 1 1 1 0.5 1 0 -1 0
vertex: 0 -1 0 1 1 1 0.53125 1 0 -1 0
vertex: 0 -1 0 1 1 1 0.5625 1 0 -1 0
vertex: 0 -1 0 1 1 1 0.59375 1 0 -1 0
vertex: 0 -1 0 1 1 1 0.625 1 0 -1 0
vertex: 0 -1 0 1 1 1 0.65625 1 0 -1 0
vertex: 0 -1 0 1 1 1 0.6875 1 0 -1 0
vertex: 0 -1 0 1 1 1 0.71875 1 0 -1 0
vertex: 0 -1 0 1 1 1 0.75 1 0 -1 0
vertex: 0 -1 0 1 1 1 0.78125 1 0 -1 0
vertex: 0 -1 0 1 1 1 0.8125 1 0 -1 0
vertex: 0 -1 0 1 1 1 0.84375 1 0 -1 0
vertex: 0 -1 0 1 1 1 0.875 1 0 -1 0
vertex: 0 -1 0 1 1 1 0.90625 1 0 -1 0
vertex: 0 -1 0 1 1 1 0.9375 1 0 -1 0
vertex: 0 -1 0 1 1 1 0.96875 1 0 -1 0
vertex: 0 -1 0 1 1 1 1 1 0 -1 0
index: 0 33 1
index: 1 33 34
index: 1 34 2
index: 2 34 35
index: 2 35 3
index: 3 35 36
index: 3 36 4
index: 4 36 37
index: 4 37 5
index: 5 37 38
index: 5 38 6
index: 6 38 39
index: 6 39 7
index: 7 39 40
index: 7 40 8
index: 8 40 41
index: 8 41 9
index: 9 41 42
index: 9 42 10
index: 10 42 43
index: 10 43 11
index: 11 43 44
index: 11 44 12
index: 12 44 45
index: 12 45 13
index: 13 45 46
index: 13 46 14
index: 14 46 47
index: 14 47 15
index: 15 47 48
index: 15 48 16
index: 16 48 49
index: 16 49 17
index: 17 49 50
index: 17 50 18
index: 18 50 51
index: 18 51 19
index: 19 51 52
index: 19 52 20
index: 20 52 53
index: 20 53 21
index: 21 53 54
index: 21 54 22
index: 22 54 55
index: 22 55 23
index: 23 55 56
index: 23 56 24
index: 24 56 57
index: 24 57 25
index: 25 57 58
index: 25 58 26
index: 26 58 59
index: 26 59 27
index: 27 59 60
index: 27 60 28
index: 28 60 61
index: 28 61 29
index: 29 61 62
index: 29 62 30
index: 30 62 63
index: 30 63 31
index: 31 63 64
index: 31 64 32
index: 32 64 65
index: 33 66 34
index: 34 66 67
index: 34 67 35
index: 35 67 68
index: 35 68 36
index: 36 68 69
index: 36 69 37
index: 37 69 70
index: 37 70 38
index: 38 70 71
index: 38 71 39
index: 39 71 72
index: 39 72 40
index: 40 72 73
index: 40 73 41
index: 41 73 74
index: 41 74 42
index: 42 74 75
index: 42 75 43
index: 43 75 76
index: 43 76 44
index: 44 76 77
index: 44 77 45
index: 45 77 78
index: 45 78 46
index: 46 78 79
index: 46 79 47
index: 47 79 80
index: 47 80 48
index: 48 80 81
index: 48 81 49
index: 49 81 82
index: 49 82 50
index: 50 82 83
index: 50 83 51
index: 51 83 84
index: 51 84 52
index: 52 84 85
index: 52 85 53
index: 53 85 86
index: 53 86 54
index: 54 86 87
index: 54 87 55
index: 55 87 88
index: 55 88 56
index: 56 88 89
index: 56 89 57
index: 57 89 90
index: 57 90 58
index: 58 90 91
index: 58 91 59
index: 59 91 92
index: 59 92 60
index: 60 92 93
index: 60 93 61
index: 61 93 94
index: 61 94 62
index: 62 94 95
index: 62 95 63
index: 63 95 96
index: 63 96 64
index: 64 96 97
index: 64 97 65
index: 65 97 98
index: 66 99 67
index: 67 99 100
index: 67 100 68
index: 68 100 101
index: 68 101 69
index: 69 101 102
index: 69 102 70
index: 70 102 103
index: 70 103 71
index: 71 103 104
index: 71 104 72
index: 72 104 105
index: 72 105 73
index: 73 105 106
index: 73 106 74
index: 74 106 107
index: 74 107 75
index: 75 107 108
index: 75 108 76
index: 76 108 109
index: 76 109 77
index: 77 109 110
index: 77 110 78
index: 78 110 111
index: 78 111 79
index: 79 111 112
index: 79 112 80
index: 80 112 113
index: 80 113 81
index: 81 113 114
index: 81 114 82
index: 82 114 115
index: 82 115 83
index: 83 115 116
index: 83 116 84
index: 84 116 117
index: 84 117 85
index: 85 117 118
index: 85 118 86
index: 86 118 119
index: 86 119 87
index: 87 119 120
index: 87 120 88
index: 88 120 121
index: 88 121 89
index: 89 121 122
index: 89 122 90
index: 90 122 123
index: 90 123 91
index: 91 123 124
index: 91 124 92
index: 92 124 125
index: 92 125 93
index: 93 125 126
index: 93 126 94
index: 94 126 127
index: 94 127 95
index: 95 127 128
index: 95 128 96
index: 96 128 129
index: 96 129 97
index: 97 129 130
index: 97 130 98
index: 98 130 131
index: 99 132 100
index: 100 132 133
index: 100 133 101
index: 101 133 134
index: 101 134 102
index: 102 134 135
index: 102 135 103
index: 103 135 136
index: 103 136 104
index: 104 136 137
index: 104 137 105
index: 105 137 138
index: 105 138 106
index: 106 138 139
index: 106 139 107
index: 107 139 140
index: 107 140 108
index: 108 140 141
index: 108 141 109
index: 109 141 142
index: 109 142 110
index: 110 142 143
index: 110 143 111
index: 111 143 144
index: 111 144 112
index: 112 144 145
index: 112 145 113
index: 113 145 146
index: 113 146 114
index: 114 146 147
index: 114 147 115
index: 115 147 148
index: 115 148 116
index: 116 148 149
index: 116 149 117
index: 117 149 150
index: 117 150 118
index: 118 150 151
index: 118 151 119
index: 119 151 152
index: 119 152 120
index: 120 152 153
index: 120 153 121
index: 121 153 154
index: 121 154 122
index: 122 154 155
index: 122 155 123
index: 123 155 156
index: 123 156 124
index: 124 156 157
index: 124 157 125
index: 125 157 158
index: 125 158 126
index: 126 158 159
index: 126 159 127
index: 127 159 160
index: 127 160 128
index: 128 160 161
index: 128 161 129
index: 129 161 162
index: 129 162 130
index: 130 162 163
index: 130 163 131
index: 131 163 164
index: 132 165 133
index: 133 165 166
index: 133 166 134
index: 134 166 167
index: 134 167 135
index: 135 167 168
index: 135 168 136
index: 136 168 169
index: 136 169 137
index: 137 169 170
index: 137 170 138
index: 138 170 171
index: 138 171 139
index: 139 171 172
index: 139 172 140
index: 140 172 173
index: 140 173 141
index: 141 173 174
index: 141 174 142
index: 142 174 175
index: 142 175 143
index: 143 175 176
index: 143 176 144
index: 144 176 177
index: 144 177 145
index: 145 177 178
index: 145 178 146
index: 146 178 179
index: 146 179 147
index: 147 179 180
index: 147 180 148
index: 148 180 181
index: 148 181 149
index: 149 181 182
index: 149 182 150
index: 150 182 183
index: 150 183 151
index: 151 183 184
index: 151 184 152
index: 152 184 185
index: 152 185 153
index: 153 185 186
index: 153 186 154
index: 154 186 187
index: 154 187 155
index: 155 187 188
index: 155 188 156
index: 156 188 189
index: 156 189 157
index: 157 189 190
index: 157 190 158
index: 158 190 191
index: 158 191 159
index: 159 191 192
index: 159 192 160
index: 160 192 193
index: 160 193 161
index: 161 193 194
index: 161 194 162
index: 162 194 195
index: 162 195 163
index: 163 195 196
index: 163 196 164
index: 164 196 197
index: 165 198 166
index: 166 198 199
index: 166 199 167
index: 167 199 200
index: 167 200 168
index: 168 200 201
index: 168 201 169
index: 169 201 202
index: 169 202 170
index: 170 202 203
index: 170 203 171
index: 171 203 204
index: 171 204 172
index: 172 204 205
index: 172 205 173
index: 173 205 206
index: 173 206 174
index: 174 206 207
index: 174 207 175
index: 175 207 208
index: 175 208 176
index: 176 208 209
index: 176 209 177
index: 177 209 210
index: 177 210 178
index: 178 210 211
index: 178 211 179
index: 179 211 212
index: 179 212 180
index: 180 212 213
index: 180 213 181
index: 181 213 214
index: 181 214 182
index: 182 214 215
index: 182 215 183
index: 183 215 216
index: 183 216 184
index: 184 216 217
index: 184 217 185
index: 185 217 218
index: 185 218 186
index: 186 218 219
index: 186 219 187
index: 187 219 220
index: 187 220 188
index: 188 220 221
index: 188 221 189
index: 189 221 222
index: 189 222 190
index: 190 222 223
index: 190 223 191
index: 191 223 224
index: 191 224 192
index: 192 224 225
index: 192 225 193
index: 193 225 226
index: 193 226 194
index: 194 226 227
index: 194 227 195
index: 195 227 228
index: 195 228 196
index: 196 228 229
index: 196 229 197
index: 197 229 230
index: 198 231 199
index: 199 231 232
index: 199 232 200
index: 200 232 233
index: 200 233 201
index: 201 233 234
index: 201 234 202
index: 202 234 235
index: 202 235 203
index: 203 235 236
index: 203 236 204
index: 204 236 237
index: 204 237 205
index: 205 237 238
index: 205 238 206
index: 206 238 239
index: 206 239 207
index: 207 239 240
index: 207 240 208
index: 208 240 241
index: 208 241 209
index: 209 241 242
index: 209 242 210
index: 210 242 243
index: 210 243 211
index: 211 243 244
index: 211 244 212
index: 212 244 245
index: 212 245 213
index: 213 245 246
index: 213 246 214
index: 214 246 247
index: 214 247 215
index: 215 247 248
index: 215 248 216
index: 216 248 249
index: 216 249 217
index: 217 249 250
index: 217 250 218
index: 218 250 251
index: 218 251 219
index: 219 251 252
index: 219 252 220
index: 220 252 253
index: 220 253 221
index: 221 253 254
index: 221 254 222
index: 222 254 255
index: 222 255 223
index: 223 255 256
index: 223 256 224
index: 224 256 257
index: 224 257 225
index: 225 257 258
index: 225 258 226
index: 226 258 259
index: 226 259 227
index: 227 259 260
index: 227 260 228
index: 228 260 261
index: 228 261 229
index: 229 261 262
index: 229 262 230
index: 230 262 263
index: 231 264 232
index: 232 264 265
index: 232 265 233
index: 233 265 266
index: 233 266 234
index: 234 266 267
index: 234 267 235
index: 235 267 268
index: 235 268 236
index: 236 268 269
index: 236 269 237
index: 237 269 270
index: 237 270 238
index: 238 270 271
index: 238 271 239
index: 239 271 272
index: 239 272 240
index: 240 272 273
index: 240 273 241
index: 241 273 274
index: 241 274 242
index: 242 274 275
index: 242 275 243
index: 243 275 276
index: 243 276 244
index: 244 276 277
index: 244 277 245
index: 245 277 278
index: 245 278 246
index: 246 278 279
index: 246 279 247
index: 247 279 280
index: 247 280 248
index: 248 280 281
index: 248 281 249
index: 249 281 282
index: 249 282 250
index: 250 282 283
index: 250 283 251
index: 251 283 284
index: 251 284 252
index: 252 284 285
index: 252 285 253
index: 253 285 286
index: 253 286 254
index: 254 286 287
index: 254 287 255
index: 255 287 288
index: 255 288 256
index: 256 288 289
index: 256 289 257
index: 257 289 290
index: 257 290 258
index: 258 290 291
index: 258 291 259
index: 259 291 292
index: 259 292 260
index: 260 292 293
index: 260 293 261
index: 261 293 294
index: 261 294 262
index: 262 294 295
index: 262 295 263
index: 263 295 296
index: 264 297 265
index: 265 297 298
index: 265 298 266
index: 266 298 299
index: 266 299 267
index: 267 299 300
index: 267 300 268
index: 268 300 301
index: 268 301 269
index: 269 301 302
index: 269 302 270
index: 270 302 303
index: 270 303 271
index: 271 303 304
index: 271 304 272
index: 272 304 305
index: 272 305 273
index: 273 305 306
index: 273 306 274
index: 274 306 307
index: 274 307 275
index: 275 307 308
index: 275 308 276
index: 276 308 309
index: 276 309 277
index: 277 309 310
index: 277 310 278
index: 278 310 311
index: 278 311 279
index: 279 311 312
index: 279 312 280
index: 280 312 313
index: 280 313 281
index: 281 313 314
index: 281 314 282
index: 282 314 315
index: 282 315 283
index: 283 315 316
index: 283 316 284
index: 284 316 317
index: 284 317 285
index: 285 317 318
index: 285 318 286
index: 286 318 319
index: 286 319 287
index: 287 319 320
index: 287 320 288
index: 288 320 321
index: 288 321 289
index: 289 321 322
index: 289 322 290
index: 290 322 323
index: 290 323 291
index: 291 323 324
index: 291 324 292
index: 292 324 325
index: 292 325 293
index: 293 325 326
index: 293 326 294
index: 294 326 327
index: 294 327 295
index: 295 327 328
index: 295 328 296
index: 296 328 329
index: 297 330 298
index: 298 330 331
index: 298 331 299
index: 299 331 332
index: 299 332 300
index: 300 332 333
index: 300 333 301
index: 301 333 334
index: 301 334 302
index: 302 334 335
index: 302 335 303
index: 303 335 336
index: 303 336 304
index: 304 336 337
index: 304 337 305
index: 305 337 338
index: 305 338 306
index: 306 338 339
index: 306 339 307
index: 307 339 340
index: 307 340 308
index: 308 340 341
index: 308 341 309
index: 309 341 342
index: 309 342 310
index: 310 342 343
index: 310 343 311
index: 311 343 344
index: 311 344 312
index: 312 344 345
index: 312 345 313
index: 313 345 346
index: 313 346 314
index: 314 346 347
index: 314 347 315
index: 315 347 348
index: 315 348 316
index: 316 348 349
index: 316 349 317
index: 317 349 350
index: 317 350 318
index: 318 350 351
index: 318 351 319
index: 319 351 352
index: 319 352 320
index: 320 352 353
index: 320 353 321
index: 321 353 354
index: 321 354 322
index: 322 354 355
index: 322 355 323
index: 323 355 356
index: 323 356 324
index: 324 356 357
index: 324 357 325
index: 325 357 358
index: 325 358 326
index: 326 358 359
index: 326 359 327
index: 327 359 360
index: 327 360 328
index: 328 360 361
index: 328 361 329
index: 329 361 362
index: 330 363 331
index: 331 363 364
index: 331 364 332
index: 332 364 365
index: 332 365 333
index: 333 365 366
index: 333 366 334
index: 334 366 367
index: 334 367 335
index: 335 367 368
index: 335 368 336
index: 336 368 369
index: 336 369 337
index: 337 369 370
index: 337 370 338
index: 338 370 371
index: 338 371 339
index: 339 371 372
index: 339 372 340
index: 340 372 373
index: 340 373 341
index: 341 373 374
index: 341 374 342
index: 342 374 375
index: 342 375 343
index: 343 375 376
index: 343 376 344
index: 344 376 377
index: 344 377 345
index: 345 377 378
index: 345 378 346
index: 346 378 379
index: 346 379 347
index: 347 379 380
index: 347 380 348
index: 348 380 381
index: 348 381 349
index: 349 381 382
index: 349 382 350
index: 350 382 383
index: 350 383 351
index: 351 383 384
index: 351 384 352
index: 352 384 385
index: 352 385 353
index: 353 385 386
index: 353 386 354
index: 354 386 387
index: 354 387 355
index: 355 387 388
index: 355 388 356
index: 356 388 389
index: 356 389 357
index: 357 389 390
index: 357 390 358
index: 358 390 391
index: 358 391 359
index: 359 391 392
index: 359 392 360
index: 360 392 393
index: 360 393 361
index: 361 393 394
index: 361 394 362
index: 362 394 395
index: 363 396 364
index: 364 396 397
index: 364 397 365
index: 365 397 398
index: 365 398 366
index: 366 398 399
index: 366 399 367
index: 367 399 400
index: 367 400 368
index: 368 400 401
index: 368 401 369
index: 369 401 402
index: 369 402 370
index: 370 402 403
index: 370 403 371
index: 371 403 404
index: 371 404 372
index: 372 404 405
index: 372 405 373
index: 373 405 406
index: 373 406 374
index: 374 406 407
index: 374 407 375
index: 375 407 408
index: 375 408 376
index: 376 408 409
index: 376 409 377
index: 377 409 410
index: 377 410 378
index: 378 410 411
index: 378 411 379
index: 379 411 412
index: 379 412 380
index: 380 412 413
index: 380 413 381
index: 381 413 414
index: 381 414 382
index: 382 414 415
index: 382 415 383
index: 383 415 416
index: 383 416 384
index: 384 416 417
index: 384 417 385
index: 385 417 418
index: 385 418 386
index: 386 418 419
index: 386 419 387
index: 387 419 420
index: 387 420 388
index: 388 420 421
index: 388 421 389
index: 389 421 422
index: 389 422 390
index: 390 422 423
index: 390 423 391
index: 391 423 424
index: 391 424 392
index: 392 424 425
index: 392 425 393
index: 393 425 426
index: 393 426 394
index: 394 426 427
index: 394 427 395
index: 395 427 428
index: 396 429 397
index: 397 429 430
index: 397 430 398
index: 398 430 431
index: 398 431 399
index: 399 431 432
index: 399 432 400
index: 400 432 433
index: 400 433 401
index: 401 433 434
index: 401 434 402
index: 402 434 435
index: 402 435 403
index: 403 435 436
index: 403 436 404
index: 404 436 437
index: 404 437 405
index: 405 437 438
index: 405 438 406
index: 406 438 439
index: 406 439 407
index: 407 439 440
index: 407 440 408
index: 408 440 441
index: 408 441 409
index: 409 441 442
index: 409 442 410
index: 410 442 443
index: 410 443 411
index: 411 443 444
index: 411 444 412
index: 412 444 445
index: 412 445 413
index: 413 445 446
index: 413 446 414
index: 414 446 447
index: 414 447 415
index: 415 447 448
index: 415 448 416
index: 416 448 449
index: 416 449 417
index: 417 449 450
index: 417 450 418
index: 418 450 451
index: 418 451 419
index: 419 451 452
index: 419 452 420
index: 420 452 453
index: 420 453 421
index: 421 453 454
index: 421 454 422
index: 422 454 455
index: 422 455 423
index: 423 455 456
index: 423 456 424
index: 424 456 457
index: 424 457 425
index: 425 457 458
index: 425 458 426
index: 426 458 459
index: 426 459 427
index: 427 459 460
index: 427 460 428
index: 428 460 461
index: 429 462 430
index: 430 462 463
index: 430 463 431
index: 431 463 464
index: 431 464 432
index: 432 464 465
index: 432 465 433
index: 433 465 466
index: 433 466 434
index: 434 466 467
index: 434 467 435
index: 435 467 468
index: 435 468 436
index: 436 468 469
index: 436 469 437
index: 437 469 470
index: 437 470 438
index: 438 470 471
index: 438 471 439
index: 439 471 472
index: 439 472 440
index: 440 472 473
index: 440 473 441
index: 441 473 474
index: 441 474 442
index: 442 474 475
index: 442 475 443
index: 443 475 476
index: 443 476 444
index: 444 476 477
index: 444 477 445
index: 445 477 478
index: 445 478 446
index: 446 478 479
index: 446 479 447
index: 447 479 480
index: 447 480 448
index: 448 480 481
index: 448 481 449
index: 449 481 482
index: 449 482 450
index: 450 482 483
index: 450 483 451
index: 451 483 484
index: 451 484 452
index: 452 484 485
index: 452 485 453
index: 453 485 486
index: 453 486 454
index: 454 486 487
index: 454 487 455
index: 455 487 488
index: 455 488 456
index: 456 488 489
index: 456 489 457
index: 457 489 490
index: 457 490 458
index: 458 490 491
index: 458 491 459
index: 459 491 492
index: 459 492 460
index: 460 492 493
index: 460 493 461
index: 461 493 494
index: 462 495 463
index: 463 495 496
index: 463 496 464
index: 464 496 497
index: 464 497 465
index: 465 497 498
index: 465 498 466
index: 466 498 499
index: 466 499 467
index: 467 499 500
index: 467 500 468
index: 468 500 501
index: 468 501 469
index: 469 501 502
index: 469 502 470
index: 470 502 503
index: 470 503 471
index: 471 503 504
index: 471 504 472
index: 472 504 505
index: 472 505 473
index: 473 505 506
index: 473 506 474
index: 474 506 507
index: 474 507 475
index: 475 507 508
index: 475 508 476
index: 476 508 509
index: 476 509 477
index: 477 509 510
index: 477 510 478
index: 478 510 511
index: 478 511 479
index: 479 511 512
index: 479 512 480
index: 480 512 513
index: 480 513 481
index: 481 513 514
index: 481 514 482
index: 482 514 515
index: 482 515 483
index: 483 515 516
index: 483 516 484
index: 484 516 517
index: 484 517 485
index: 485 517 518
index: 485 518 486
index: 486 518 519
index: 486 519 487
index: 487 519 520
index: 487 520 488
index: 488 520 521
index: 488 521 489
index: 489 521 522
index: 489 522 490
index: 490 522 523
index: 490 523 491
index: 491 523 524
index: 491 524 492
index: 492 524 525
index: 492 525 493
index: 493 525 526
index: 493 526 494
index: 494 526 527
index: 495 528 496
index: 496 528 529
index: 496 529 497
index: 497 529 530
index: 497 530 498
index: 498 530 531
index: 498 531 499
index: 499 531 532
index: 499 532 500
index: 500 532 533
index: 500 533 501
index: 501 533 534
index: 501 534 502
index: 502 534 535
index: 502 535 503
index: 503 535 536
index: 503 536 504
index: 504 536 537
index: 504 537 505
index: 505 537 538
index: 505 538 506
index: 506 538 539
index: 506 539 507
index: 507 539 540
index: 507 540 508
index: 508 540 541
index: 508 541 509
index: 509 541 542
index: 509 542 510
index: 510 542 543
index: 510 543 511
index: 511 543 544
index: 511 544 512
index: 512 544 545
index: 512 545 513
index: 513 545 546
index: 513 546 514
index: 514 546 547
index: 514 547 515
index: 515 547 548
index: 515 548 516
index: 516 548 549
index: 516 549 517
index: 517 549 550
index: 517 550 518
index: 518 550 551
index: 518 551 519
index: 519 551 552
index: 519 552 520
index: 520 552 553
index: 520 553 521
index: 521 553 554
index: 521 554 522
index: 522 554 555
index: 522 555 523
index: 523 555 556
index: 523 556 524
index: 524 556 557
index: 524 557 525
index: 525 557 558
index: 525 558 526
index: 526 558 559
index: 526 559 527
index: 527 559 560
index: 528 561 529
index: 529 561 562
index: 529 562 530
index: 530 562 563
index: 530 563 531
index: 531 563 564
index: 531 564 532
index: 532 564 565
index: 532 565 533
index: 533 565 566
index: 533 566 534
index: 534 566 567
index: 534 567 535
index: 535 567 568
index: 535 568 536
index: 536 568 569
index: 536 569 537
index: 537 569 570
index: 537 570 538
index: 538 570 571
index: 538 571 539
index: 539 571 572
index: 539 572 540
index: 540 572 573
index: 540 573 541
index: 541 573 574
index: 541 574 542
index: 542 574 575
index: 542 575 543
index: 543 575 576
index: 543 576 544
index: 544 576 577
index: 544 577 545
index: 545 577 578
index: 545 578 546
index: 546 578 579
index: 546 579 547
index: 547 579 580
index: 547 580 548
index: 548 580 581
index: 548 581 549
index: 549 581 582
index: 549 582 550
index: 550 582 583
index: 550 583 551
index: 551 583 584
index: 551 584 552
index: 552 584 585
index: 552 585 553
index: 553 585 586
index: 553 586 554
index: 554 586 587
index: 554 587 555
index: 555 587 588
index: 555 588 556
index: 556 588 589
index: 556 589 557
index: 557 589 590
index: 557 590 558
index: 558 590 591
index: 558 591 559
index: 559 591 592
index: 559 592 560
index: 560 592 593
index: 561 594 562
index: 562 594 595
index: 562 595 563
index: 563 595 596
index: 563 596 564
index: 564 596 597
index: 564 597 565
index: 565 597 598
index: 565 598 566
index: 566 598 599
index: 566 599 567
index: 567 599 600
index: 567 600 568
index: 568 600 601
index: 568 601 569
index: 569 601 602
index: 569 602 570
index: 570 602 603
index: 570 603 571
index: 571 603 604
index: 571 604 572
index: 572 604 605
index: 572 605 573
index: 573 605 606
index: 573 606 574
index: 574 606 607
index: 574 607 575
index: 575 607 608
index: 575 608 576
index: 576 608 609
index: 576 609 577
index: 577 609 610
index: 577 610 578
index: 578 610 611
index: 578 611 579
index: 579 611 612
index: 579 612 580
index: 580 612 613
index: 580 613 581
index: 581 613 614
index: 581 614 582
index: 582 614 615
index: 582 615 583
index: 583 615 616
index: 583 616 584
index: 584 616 617
index: 584 617 585
index: 585 617 618
index: 585 618 586
index: 586 618 619
index: 586 619 587
index: 587 619 620
index: 587 620 588
index: 588 620 621
index: 588 621 589
index: 589 621 622
index: 589 622 590
index: 590 622 623
index: 590 623 591
index: 591 623 624
index: 591 624 592
index: 592 624 625
index: 592 625 593
index: 593 625 626
index: 594 627 595
index: 595 627 628
index: 595 628 596
index: 596 628 629
index: 596 629 597
index: 597 629 630
index: 597 630 598
index: 598 630 631
index: 598 631 599
index: 599 631 632
index: 599 632 600
index: 600 632 633
index: 600 633 601
index: 601 633 634
index: 601 634 602
index: 602 634 635
index: 602 635 603
index: 603 635 636
index: 603 636 604
index: 604 636 637
index: 604 637 605
index: 605 637 638
index: 605 638 606
index: 606 638 639
index: 606 639 607
index: 607 639 640
index: 607 640 608
index: 608 640 641
index: 608 641 609
index: 609 641 642
index: 609 642 610
index: 610 642 643
index: 610 643 611
index: 611 643 644
index: 611 644 612
index: 612 644 645
index: 612 645 613
index: 613 645 646
index: 613 646 614
index: 614 646 647
index: 614 647 615
index: 615 647 648
index: 615 648 616
index: 616 648 649
index: 616 649 617
index: 617 649 650
index: 617 650 618
index: 618 650 651
index: 618 651 619
index: 619 651 652
index: 619 652 620
index: 620 652 653
index: 620 653 621
index: 621 653 654
index: 621 654 622
index: 622 654 655
index: 622 655 623
index: 623 655 656
index: 623 656 624
index: 624 656 657
index: 624 657 625
index: 625 657 658
index: 625 658 626
index: 626 658 659
index: 627 660 628
index: 628 660 661
index: 628 661 629
index: 629 661 662
index: 629 662 630
index: 630 662 663
index: 630 663 631
index: 631 663 664
index: 631 664 632
index: 632 664 665
index: 632 665 633
index: 633 665 666
index: 633 666 634
index: 634 666 667
index: 634 667 635
index: 635 667 668
index: 635 668 636
index: 636 668 669
index: 636 669 637
index: 637 669 670
index: 637 670 638
index: 638 670 671
index: 638 671 639
index: 639 671 672
index: 639 672 640
index: 640 672 673
index: 640 673 641
index: 641 673 674
index: 641 674 642
index: 642 674 675
index: 642 675 643
index: 643 675 676
index: 643 676 644
index: 644 676 677
index: 644 677 645
index: 645 677 678
index: 645 678 646
index: 646 678 679
index: 646 679 647
index: 647 679 680
index: 647 680 648
index: 648 680 681
index: 648 681 649
index: 649 681 682
index: 649 682 650
index: 650 682 683
index: 650 683 651
index: 651 683 684
index: 651 684 652
index: 652 684 685
index: 652 685 653
index: 653 685 686
index: 653 686 654
index: 654 686 687
index: 654 687 655
index: 655 687 688
index: 655 688 656
index: 656 688 689
index: 656 689 657
index: 657 689 690
index: 657 690 658
index: 658 690 691
index: 658 691 659
index: 659 691 692
