atlantis_static_mesh_source_version: 3
vertex_count: 425
index_count: 2304
vertex: 0 1 0 1 1 1 0 0 0 1 0
vertex: 0 1 0 1 1 1 0.041666667 0 0 1 0
vertex: 0 1 0 1 1 1 0.083333333 0 0 1 0
vertex: 0 1 0 1 1 1 0.125 0 0 1 0
vertex: 0 1 0 1 1 1 0.16666667 0 0 1 0
vertex: 0 1 0 1 1 1 0.20833333 0 0 1 0
vertex: 0 1 0 1 1 1 0.25 0 0 1 0
vertex: 0 1 -0 1 1 1 0.29166667 0 0 1 -0
vertex: 0 1 -0 1 1 1 0.33333333 0 0 1 -0
vertex: 0 1 -0 1 1 1 0.375 0 0 1 -0
vertex: 0 1 -0 1 1 1 0.41666667 0 0 1 -0
vertex: 0 1 -0 1 1 1 0.45833333 0 0 1 -0
vertex: 0 1 -0 1 1 1 0.5 0 0 1 -0
vertex: -0 1 -0 1 1 1 0.54166667 0 -0 1 -0
vertex: -0 1 -0 1 1 1 0.58333333 0 -0 1 -0
vertex: -0 1 -0 1 1 1 0.625 0 -0 1 -0
vertex: -0 1 -0 1 1 1 0.66666667 0 -0 1 -0
vertex: -0 1 -0 1 1 1 0.70833333 0 -0 1 -0
vertex: -0 1 -0 1 1 1 0.75 0 -0 1 -0
vertex: -0 1 0 1 1 1 0.79166667 0 -0 1 0
vertex: -0 1 0 1 1 1 0.83333333 0 -0 1 0
vertex: -0 1 0 1 1 1 0.875 0 -0 1 0
vertex: -0 1 0 1 1 1 0.91666667 0 -0 1 0
vertex: -0 1 0 1 1 1 0.95833333 0 -0 1 0
vertex: -0 1 0 1 1 1 1 0 -0 1 0
vertex: 0 0.98078528 0.19509032 1 1 1 0 0.0625 0 0.98078528 0.19509032
vertex: 0.050493091 0.98078528 0.18844278 1 1 1 0.041666667 0.0625 0.050493091 0.98078528 0.18844278
vertex: 0.097545161 0.98078528 0.16895317 1 1 1 0.083333333 0.0625 0.097545161 0.98078528 0.16895317
vertex: 0.13794969 0.98078528 0.13794969 1 1 1 0.125 0.0625 0.13794969 0.98078528 0.13794969
vertex: 0.16895317 0.98078528 0.097545161 1 1 1 0.16666667 0.0625 0.16895317 0.98078528 0.097545161
vertex: 0.18844278 0.98078528 0.050493091 1 1 1 0.20833333 0.0625 0.18844278 0.98078528 0.050493091
vertex: 0.19509032 0.98078528 1.1945837e-17 1 1 1 0.25 0.0625 0.19509032 0.98078528 1.1945837e-17
vertex: 0.18844278 0.98078528 -0.050493091 1 1 1 0.29166667 0.0625 0.18844278 0.98078528 -0.050493091
vertex: 0.16895317 0.98078528 -0.097545161 1 1 1 0.33333333 0.0625 0.16895317 0.98078528 -0.097545161
vertex: 0.13794969 0.98078528 -0.13794969 1 1 1 0.375 0.0625 0.13794969 0.98078528 -0.13794969
vertex: 0.097545161 0.98078528 -0.16895317 1 1 1 0.41666667 0.0625 0.097545161 0.98078528 -0.16895317
vertex: 0.050493091 0.98078528 -0.18844278 1 1 1 0.45833333 0.0625 0.050493091 0.98078528 -0.18844278
vertex: 2.3891674e-17 0.98078528 -0.19509032 1 1 1 0.5 0.0625 2.3891674e-17 0.98078528 -0.19509032
vertex: -0.050493091 0.98078528 -0.18844278 1 1 1 0.54166667 0.0625 -0.050493091 0.98078528 -0.18844278
vertex: -0.097545161 0.98078528 -0.16895317 1 1 1 0.58333333 0.0625 -0.097545161 0.98078528 -0.16895317
vertex: -0.13794969 0.98078528 -0.13794969 1 1 1 0.625 0.0625 -0.13794969 0.98078528 -0.13794969
vertex: -0.16895317 0.98078528 -0.097545161 1 1 1 0.66666667 0.0625 -0.16895317 0.98078528 -0.097545161
vertex: -0.18844278 0.98078528 -0.050493091 1 1 1 0.70833333 0.0625 -0.18844278 0.98078528 -0.050493091
vertex: -0.19509032 0.98078528 -3.5837511e-17 1 1 1 0.75 0.0625 -0.19509032 0.98078528 -3.5837511e-17
vertex: -0.18844278 0.98078528 0.050493091 1 1 1 0.79166667 0.0625 -0.18844278 0.98078528 0.050493091
vertex: -0.16895317 0.98078528 0.097545161 1 1 1 0.83333333 0.0625 -0.16895317 0.98078528 0.097545161
vertex: -0.13794969 0.98078528 0.13794969 1 1 1 0.875 0.0625 -0.13794969 0.98078528 0.13794969
vertex: -0.097545161 0.98078528 0.16895317 1 1 1 0.91666667 0.0625 -0.097545161 0.98078528 0.16895317
vertex: -0.050493091 0.98078528 0.18844278 1 1 1 0.95833333 0.0625 -0.050493091 0.98078528 0.18844278
vertex: -4.7783348e-17 0.98078528 0.19509032 1 1 1 1 0.0625 -4.7783348e-17 0.98078528 0.19509032
vertex: 0 0.92387953 0.38268343 1 1 1 0 0.125 0 0.92387953 0.38268343
vertex: 0.099045761 0.92387953 0.36964381 1 1 1 0.041666667 0.125 0.099045761 0.92387953 0.36964381
vertex: 0.19134172 0.92387953 0.33141357 1 1 1 0.083333333 0.125 0.19134172 0.92387953 0.33141357
vertex: 0.27059805 0.92387953 0.27059805 1 1 1 0.125 0.125 0.27059805 0.92387953 0.27059805
vertex: 0.33141357 0.92387953 0.19134172 1 1 1 0.16666667 0.125 0.33141357 0.92387953 0.19134172
vertex: 0.36964381 0.92387953 0.099045761 1 1 1 0.20833333 0.125 0.36964381 0.92387953 0.099045761
vertex: 0.38268343 0.92387953 2.3432602e-17 1 1 1 0.25 0.125 0.38268343 0.92387953 2.3432602e-17
vertex: 0.36964381 0.92387953 -0.099045761 1 1 1 0.29166667 0.125 0.36964381 0.92387953 -0.099045761
vertex: 0.33141357 0.92387953 -0.19134172 1 1 1 0.33333333 0.125 0.33141357 0.92387953 -0.19134172
vertex: 0.27059805 0.92387953 -0.27059805 1 1 1 0.375 0.125 0.27059805 0.92387953 -0.27059805
vertex: 0.19134172 0.92387953 -0.33141357 1 1 1 0.41666667 0.125 0.19134172 0.92387953 -0.33141357
vertex: 0.099045761 0.92387953 -0.36964381 1 1 1 0.45833333 0.125 0.099045761 0.92387953 -0.36964381
vertex: 4.6865204e-17 0.92387953 -0.38268343 1 1 1 0.5 0.125 4.6865204e-17 0.92387953 -0.38268343
vertex: -0.099045761 0.92387953 -0.36964381 1 1 1 0.54166667 0.125 -0.099045761 0.92387953 -0.36964381
vertex: -0.19134172 0.92387953 -0.33141357 1 1 1 0.58333333 0.125 -0.19134172 0.92387953 -0.33141357
vertex: -0.27059805 0.92387953 -0.27059805 1 1 1 0.625 0.125 -0.27059805 0.92387953 -0.27059805
vertex: -0.33141357 0.92387953 -0.19134172 1 1 1 0.66666667 0.125 -0.33141357 0.92387953 -0.19134172
vertex: -0.36964381 0.92387953 -0.099045761 1 1 1 0.70833333 0.125 -0.36964381 0.92387953 -0.099045761
vertex: -0.38268343 0.92387953 -7.0297806e-17 1 1 1 0.75 0.125 -0.38268343 0.92387953 -7.0297806e-17
vertex: -0.36964381 0.92387953 0.099045761 1 1 1 0.79166667 0.125 -0.36964381 0.92387953 0.099045761
vertex: -0.33141357 0.92387953 0.19134172 1 1 1 0.83333333 0.125 -0.33141357 0.92387953 0.19134172
vertex: -0.27059805 0.92387953 0.27059805 1 1 1 0.875 0.125 -0.27059805 0.92387953 0.27059805
vertex: -0.19134172 0.92387953 0.33141357 1 1 1 0.91666667 0.125 -0.19134172 0.92387953 0.33141357
vertex: -0.099045761 0.92387953 0.36964381 1 1 1 0.95833333 0.125 -0.099045761 0.92387953 0.36964381
vertex: -9.3730408e-17 0.92387953 0.38268343 1 1 1 1 0.125 -9.3730408e-17 0.92387953 0.38268343
vertex: 0 0.83146961 0.55557023 1 1 1 0 0.1875 0 0.83146961 0.55557023
vertex: 0.14379216 0.83146961 0.53663964 1 1 1 0.041666667 0.1875 0.14379216 0.83146961 0.53663964
vertex: 0.27778512 0.83146961 0.48113794 1 1 1 0.083333333 0.1875 0.27778512 0.83146961 0.48113794
vertex: 0.39284748 0.83146961 0.39284748 1 1 1 0.125 0.1875 0.39284748 0.83146961 0.39284748
vertex: 0.48113794 0.83146961 0.27778512 1 1 1 0.16666667 0.1875 0.48113794 0.83146961 0.27778512
vertex: 0.53663964 0.83146961 0.14379216 1 1 1 0.20833333 0.1875 0.53663964 0.83146961 0.14379216
vertex: 0.55557023 0.83146961 3.4018865e-17 1 1 1 0.25 0.1875 0.55557023 0.83146961 3.4018865e-17
vertex: 0.53663964 0.83146961 -0.14379216 1 1 1 0.29166667 0.1875 0.53663964 0.83146961 -0.14379216
vertex: 0.48113794 0.83146961 -0.27778512 1 1 1 0.33333333 0.1875 0.48113794 0.83146961 -0.27778512
vertex: 0.39284748 0.83146961 -0.39284748 1 1 1 0.375 0.1875 0.39284748 0.83146961 -0.39284748
vertex: 0.27778512 0.83146961 -0.48113794 1 1 1 0.41666667 0.1875 0.27778512 0.83146961 -0.48113794
vertex: 0.14379216 0.83146961 -0.53663964 1 1 1 0.45833333 0.1875 0.14379216 0.83146961 -0.53663964
vertex: 6.8037731e-17 0.83146961 -0.55557023 1 1 1 0.5 0.1875 6.8037731e-17 0.83146961 -0.55557023
vertex: -0.14379216 0.83146961 -0.53663964 1 1 1 0.54166667 0.1875 -0.14379216 0.83146961 -0.53663964
vertex: -0.27778512 0.83146961 -0.48113794 1 1 1 0.58333333 0.1875 -0.27778512 0.83146961 -0.48113794
vertex: -0.39284748 0.83146961 -0.39284748 1 1 1 0.625 0.1875 -0.39284748 0.83146961 -0.39284748
vertex: -0.48113794 0.83146961 -0.27778512 1 1 1 0.66666667 0.1875 -0.48113794 0.83146961 -0.27778512
vertex: -0.53663964 0.83146961 -0.14379216 1 1 1 0.70833333 0.1875 -0.53663964 0.83146961 -0.14379216
vertex: -0.55557023 0.83146961 -1.020566e-16 1 1 1 0.75 0.1875 -0.55557023 0.83146961 -1.020566e-16
vertex: -0.53663964 0.83146961 0.14379216 1 1 1 0.79166667 0.1875 -0.53663964 0.83146961 0.14379216
vertex: -0.48113794 0.83146961 0.27778512 1 1 1 0.83333333 0.1875 -0.48113794 0.83146961 0.27778512
vertex: -0.39284748 0.83146961 0.39284748 1 1 1 0.875 0.1875 -0.39284748 0.83146961 0.39284748
vertex: -0.27778512 0.83146961 0.48113794 1 1 1 0.91666667 0.1875 -0.27778512 0.83146961 0.48113794
vertex: -0.14379216 0.83146961 0.53663964 1 1 1 0.95833333 0.1875 -0.14379216 0.83146961 0.53663964
vertex: -1.3607546e-16 0.83146961 0.55557023 1 1 1 1 0.1875 -1.3607546e-16 0.83146961 0.55557023
vertex: 0 0.70710678 0.70710678 1 1 1 0 0.25 0 0.70710678 0.70710678
vertex: 0.1830127 0.70710678 0.6830127 1 1 1 0.041666667 0.25 0.1830127 0.70710678 0.6830127
vertex: 0.35355339 0.70710678 0.61237244 1 1 1 0.083333333 0.25 0.35355339 0.70710678 0.61237244
vertex: 0.5 0.70710678 0.5 1 1 1 0.125 0.25 0.5 0.70710678 0.5
vertex: 0.61237244 0.70710678 0.35355339 1 1 1 0.16666667 0.25 0.61237244 0.70710678 0.35355339
vertex: 0.6830127 0.70710678 0.1830127 1 1 1 0.20833333 0.25 0.6830127 0.70710678 0.1830127
vertex: 0.70710678 0.70710678 4.3297803e-17 1 1 1 0.25 0.25 0.70710678 0.70710678 4.3297803e-17
vertex: 0.6830127 0.70710678 -0.1830127 1 1 1 0.29166667 0.25 0.6830127 0.70710678 -0.1830127
vertex: 0.61237244 0.70710678 -0.35355339 1 1 1 0.33333333 0.25 0.61237244 0.70710678 -0.35355339
vertex: 0.5 0.70710678 -0.5 1 1 1 0.375 0.25 0.5 0.70710678 -0.5
vertex: 0.35355339 0.70710678 -0.61237244 1 1 1 0.41666667 0.25 0.35355339 0.70710678 -0.61237244
vertex: 0.1830127 0.70710678 -0.6830127 1 1 1 0.45833333 0.25 0.1830127 0.70710678 -0.6830127
vertex: 8.6595606e-17 0.70710678 -0.70710678 1 1 1 0.5 0.25 8.6595606e-17 0.70710678 -0.70710678
vertex: -0.1830127 0.70710678 -0.6830127 1 1 1 0.54166667 0.25 -0.1830127 0.70710678 -0.6830127
vertex: -0.35355339 0.70710678 -0.61237244 1 1 1 0.58333333 0.25 -0.35355339 0.70710678 -0.61237244
vertex: -0.5 0.70710678 -0.5 1 1 1 0.625 0.25 -0.5 0.70710678 -0.5
vertex: -0.61237244 0.70710678 -0.35355339 1 1 1 0.66666667 0.25 -0.61237244 0.70710678 -0.35355339
vertex: -0.6830127 0.70710678 -0.1830127 1 1 1 0.70833333 0.25 -0.6830127 0.70710678 -0.1830127
vertex: -0.70710678 0.70710678 -1.2989341e-16 1 1 1 0.75 0.25 -0.70710678 0.70710678 -1.2989341e-16
vertex: -0.6830127 0.70710678 0.1830127 1 1 1 0.79166667 0.25 -0.6830127 0.70710678 0.1830127
vertex: -0.61237244 0.70710678 0.35355339 1 1 1 0.83333333 0.25 -0.61237244 0.70710678 0.35355339
vertex: -0.5 0.70710678 0.5 1 1 1 0.875 0.25 -0.5 0.70710678 0.5
vertex: -0.35355339 0.70710678 0.61237244 1 1 1 0.91666667 0.25 -0.35355339 0.70710678 0.61237244
vertex: -0.1830127 0.70710678 0.6830127 1 1 1 0.95833333 0.25 -0.1830127 0.70710678 0.6830127
vertex: -1.7319121e-16 0.70710678 0.70710678 1 1 1 1 0.25 -1.7319121e-16 0.70710678 0.70710678
vertex: 0 0.55557023 0.83146961 1 1 1 0 0.3125 0 0.55557023 0.83146961
vertex: 0.21520017 0.55557023 0.80313797 1 1 1 0.041666667 0.3125 0.21520017 0.55557023 0.80313797
vertex: 0.41573481 0.55557023 0.72007381 1 1 1 0.083333333 0.3125 0.41573481 0.55557023 0.72007381
vertex: 0.5879378 0.55557023 0.5879378 1 1 1 0.125 0.3125 0.5879378 0.55557023 0.5879378
vertex: 0.72007381 0.55557023 0.41573481 1 1 1 0.16666667 0.3125 0.72007381 0.55557023 0.41573481
vertex: 0.80313797 0.55557023 0.21520017 1 1 1 0.20833333 0.3125 0.80313797 0.55557023 0.21520017
vertex: 0.83146961 0.55557023 5.091283e-17 1 1 1 0.25 0.3125 0.83146961 0.55557023 5.091283e-17
vertex: 0.80313797 0.55557023 -0.21520017 1 1 1 0.29166667 0.3125 0.80313797 0.55557023 -0.21520017
vertex: 0.72007381 0.55557023 -0.41573481 1 1 1 0.33333333 0.3125 0.72007381 0.55557023 -0.41573481
vertex: 0.5879378 0.55557023 -0.5879378 1 1 1 0.375 0.3125 0.5879378 0.55557023 -0.5879378
vertex: 0.41573481 0.55557023 -0.72007381 1 1 1 0.41666667 0.3125 0.41573481 0.55557023 -0.72007381
vertex: 0.21520017 0.55557023 -0.80313797 1 1 1 0.45833333 0.3125 0.21520017 0.55557023 -0.80313797
vertex: 1.0182566e-16 0.55557023 -0.83146961 1 1 1 0.5 0.3125 1.0182566e-16 0.55557023 -0.83146961
vertex: -0.21520017 0.55557023 -0.80313797 1 1 1 0.54166667 0.3125 -0.21520017 0.55557023 -0.80313797
vertex: -0.41573481 0.55557023 -0.72007381 1 1 1 0.58333333 0.3125 -0.41573481 0.55557023 -0.72007381
vertex: -0.5879378 0.55557023 -0.5879378 1 1 1 0.625 0.3125 -0.5879378 0.55557023 -0.5879378
vertex: -0.72007381 0.55557023 -0.41573481 1 1 1 0.66666667 0.3125 -0.72007381 0.55557023 -0.41573481
vertex: -0.80313797 0.55557023 -0.21520017 1 1 1 0.70833333 0.3125 -0.80313797 0.55557023 -0.21520017
vertex: -0.83146961 0.55557023 -1.5273849e-16 1 1 1 0.75 0.3125 -0.83146961 0.55557023 -1.5273849e-16
vertex: -0.80313797 0.55557023 0.21520017 1 1 1 0.79166667 0.3125 -0.80313797 0.55557023 0.21520017
vertex: -0.72007381 0.55557023 0.41573481 1 1 1 0.83333333 0.3125 -0.72007381 0.55557023 0.41573481
vertex: -0.5879378 0.55557023 0.5879378 1 1 1 0.875 0.3125 -0.5879378 0.55557023 0.5879378
vertex: -0.41573481 0.55557023 0.72007381 1 1 1 0.91666667 0.3125 -0.41573481 0.55557023 0.72007381
vertex: -0.21520017 0.55557023 0.80313797 1 1 1 0.95833333 0.3125 -0.21520017 0.55557023 0.80313797
vertex: -2.0365132e-16 0.55557023 0.83146961 1 1 1 1 0.3125 -2.0365132e-16 0.55557023 0.83146961
vertex: 0 0.38268343 0.92387953 1 1 1 0 0.375 0 0.38268343 0.92387953
vertex: 0.23911762 0.38268343 0.8923991 1 1 1 0.041666667 0.375 0.23911762 0.38268343 0.8923991
vertex: 0.46193977 0.38268343 0.80010315 1 1 1 0.083333333 0.375 0.46193977 0.38268343 0.80010315
vertex: 0.65328148 0.38268343 0.65328148 1 1 1 0.125 0.375 0.65328148 0.38268343 0.65328148
vertex: 0.80010315 0.38268343 0.46193977 1 1 1 0.16666667 0.375 0.80010315 0.38268343 0.46193977
vertex: 0.8923991 0.38268343 0.23911762 1 1 1 0.20833333 0.375 0.8923991 0.38268343 0.23911762
vertex: 0.92387953 0.38268343 5.6571306e-17 1 1 1 0.25 0.375 0.92387953 0.38268343 5.6571306e-17
vertex: 0.8923991 0.38268343 -0.23911762 1 1 1 0.29166667 0.375 0.8923991 0.38268343 -0.23911762
vertex: 0.80010315 0.38268343 -0.46193977 1 1 1 0.33333333 0.375 0.80010315 0.38268343 -0.46193977
vertex: 0.65328148 0.38268343 -0.65328148 1 1 1 0.375 0.375 0.65328148 0.38268343 -0.65328148
vertex: 0.46193977 0.38268343 -0.80010315 1 1 1 0.41666667 0.375 0.46193977 0.38268343 -0.80010315
vertex: 0.23911762 0.38268343 -0.8923991 1 1 1 0.45833333 0.375 0.23911762 0.38268343 -0.8923991
vertex: 1.1314261e-16 0.38268343 -0.92387953 1 1 1 0.5 0.375 1.1314261e-16 0.38268343 -0.92387953
vertex: -0.23911762 0.38268343 -0.8923991 1 1 1 0.54166667 0.375 -0.23911762 0.38268343 -0.8923991
vertex: -0.46193977 0.38268343 -0.80010315 1 1 1 0.58333333 0.375 -0.46193977 0.38268343 -0.80010315
vertex: -0.65328148 0.38268343 -0.65328148 1 1 1 0.625 0.375 -0.65328148 0.38268343 -0.65328148
vertex: -0.80010315 0.38268343 -0.46193977 1 1 1 0.66666667 0.375 -0.80010315 0.38268343 -0.46193977
vertex: -0.8923991 0.38268343 -0.23911762 1 1 1 0.70833333 0.375 -0.8923991 0.38268343 -0.23911762
vertex: -0.92387953 0.38268343 -1.6971392e-16 1 1 1 0.75 0.375 -0.92387953 0.38268343 -1.6971392e-16
vertex: -0.8923991 0.38268343 0.23911762 1 1 1 0.79166667 0.375 -0.8923991 0.38268343 0.23911762
vertex: -0.80010315 0.38268343 0.46193977 1 1 1 0.83333333 0.375 -0.80010315 0.38268343 0.46193977
vertex: -0.65328148 0.38268343 0.65328148 1 1 1 0.875 0.375 -0.65328148 0.38268343 0.65328148
vertex: -0.46193977 0.38268343 0.80010315 1 1 1 0.91666667 0.375 -0.46193977 0.38268343 0.80010315
vertex: -0.23911762 0.38268343 0.8923991 1 1 1 0.95833333 0.375 -0.23911762 0.38268343 0.8923991
vertex: -2.2628522e-16 0.38268343 0.92387953 1 1 1 1 0.375 -2.2628522e-16 0.38268343 0.92387953
vertex: 0 0.19509032 0.98078528 1 1 1 0 0.4375 0 0.19509032 0.98078528
vertex: 0.25384591 0.19509032 0.94736583 1 1 1 0.041666667 0.4375 0.25384591 0.19509032 0.94736583
vertex: 0.49039264 0.19509032 0.84938497 1 1 1 0.083333333 0.4375 0.49039264 0.19509032 0.84938497
vertex: 0.69351992 0.19509032 0.69351992 1 1 1 0.125 0.4375 0.69351992 0.19509032 0.69351992
vertex: 0.84938497 0.19509032 0.49039264 1 1 1 0.16666667 0.4375 0.84938497 0.19509032 0.49039264
vertex: 0.94736583 0.19509032 0.25384591 1 1 1 0.20833333 0.4375 0.94736583 0.19509032 0.25384591
vertex: 0.98078528 0.19509032 6.0055778e-17 1 1 1 0.25 0.4375 0.98078528 0.19509032 6.0055778e-17
vertex: 0.94736583 0.19509032 -0.25384591 1 1 1 0.29166667 0.4375 0.94736583 0.19509032 -0.25384591
vertex: 0.84938497 0.19509032 -0.49039264 1 1 1 0.33333333 0.4375 0.84938497 0.19509032 -0.49039264
vertex: 0.69351992 0.19509032 -0.69351992 1 1 1 0.375 0.4375 0.69351992 0.19509032 -0.69351992
vertex: 0.49039264 0.19509032 -0.84938497 1 1 1 0.41666667 0.4375 0.49039264 0.19509032 -0.84938497
vertex: 0.25384591 0.19509032 -0.94736583 1 1 1 0.45833333 0.4375 0.25384591 0.19509032 -0.94736583
vertex: 1.2011156e-16 0.19509032 -0.98078528 1 1 1 0.5 0.4375 1.2011156e-16 0.19509032 -0.98078528
vertex: -0.25384591 0.19509032 -0.94736583 1 1 1 0.54166667 0.4375 -0.25384591 0.19509032 -0.94736583
vertex: -0.49039264 0.19509032 -0.84938497 1 1 1 0.58333333 0.4375 -0.49039264 0.19509032 -0.84938497
vertex: -0.69351992 0.19509032 -0.69351992 1 1 1 0.625 0.4375 -0.69351992 0.19509032 -0.69351992
vertex: -0.84938497 0.19509032 -0.49039264 1 1 1 0.66666667 0.4375 -0.84938497 0.19509032 -0.49039264
vertex: -0.94736583 0.19509032 -0.25384591 1 1 1 0.70833333 0.4375 -0.94736583 0.19509032 -0.25384591
vertex: -0.98078528 0.19509032 -1.8016733e-16 1 1 1 0.75 0.4375 -0.98078528 0.19509032 -1.8016733e-16
vertex: -0.94736583 0.19509032 0.25384591 1 1 1 0.79166667 0.4375 -0.94736583 0.19509032 0.25384591
vertex: -0.84938497 0.19509032 0.49039264 1 1 1 0.83333333 0.4375 -0.84938497 0.19509032 0.49039264
vertex: -0.69351992 0.19509032 0.69351992 1 1 1 0.875 0.4375 -0.69351992 0.19509032 0.69351992
vertex: -0.49039264 0.19509032 0.84938497 1 1 1 0.91666667 0.4375 -0.49039264 0.19509032 0.84938497
vertex: -0.25384591 0.19509032 0.94736583 1 1 1 0.95833333 0.4375 -0.25384591 0.19509032 0.94736583
vertex: -2.4022311e-16 0.19509032 0.98078528 1 1 1 1 0.4375 -2.4022311e-16 0.19509032 0.98078528
vertex: 0 6.123234e-17 1 1 1 1 0 0.5 0 6.123234e-17 1
vertex: 0.25881905 6.123234e-17 0.96592583 1 1 1 0.041666667 0.5 0.25881905 6.123234e-17 0.96592583
vertex: 0.5 6.123234e-17 0.8660254 1 1 1 0.083333333 0.5 0.5 6.123234e-17 0.8660254
vertex: 0.70710678 6.123234e-17 0.70710678 1 1 1 0.125 0.5 0.70710678 6.123234e-17 0.70710678
vertex: 0.8660254 6.123234e-17 0.5 1 1 1 0.16666667 0.5 0.8660254 6.123234e-17 0.5
vertex: 0.96592583 6.123234e-17 0.25881905 1 1 1 0.20833333 0.5 0.96592583 6.123234e-17 0.25881905
vertex: 1 6.123234e-17 6.123234e-17 1 1 1 0.25 0.5 1 6.123234e-17 6.123234e-17
vertex: 0.96592583 6.123234e-17 -0.25881905 1 1 1 0.29166667 0.5 0.96592583 6.123234e-17 -0.25881905
vertex: 0.8660254 6.123234e-17 -0.5 1 1 1 0.33333333 0.5 0.8660254 6.123234e-17 -0.5
vertex: 0.70710678 6.123234e-17 -0.70710678 1 1 1 0.375 0.5 0.70710678 6.123234e-17 -0.70710678
vertex: 0.5 6.123234e-17 -0.8660254 1 1 1 0.41666667 0.5 0.5 6.123234e-17 -0.8660254
vertex: 0.25881905 6.123234e-17 -0.96592583 1 1 1 0.45833333 0.5 0.25881905 6.123234e-17 -0.96592583
vertex: 1.2246468e-16 6.123234e-17 -1 1 1 1 0.5 0.5 1.2246468e-16 6.123234e-17 -1
vertex: -0.25881905 6.123234e-17 -0.96592583 1 1 1 0.54166667 0.5 -0.25881905 6.123234e-17 -0.96592583
vertex: -0.5 6.123234e-17 -0.8660254 1 1 1 0.58333333 0.5 -0.5 6.123234e-17 -0.8660254
vertex: -0.70710678 6.123234e-17 -0.70710678 1 1 1 0.625 0.5 -0.70710678 6.123234e-17 -0.70710678
vertex: -0.8660254 6.123234e-17 -0.5 1 1 1 0.66666667 0.5 -0.8660254 6.123234e-17 -0.5
vertex: -0.96592583 6.123234e-17 -0.25881905 1 1 1 0.70833333 0.5 -0.96592583 6.123234e-17 -0.25881905
vertex: -1 6.123234e-17 -1.8369702e-16 1 1 1 0.75 0.5 -1 6.123234e-17 -1.8369702e-16
vertex: -0.96592583 6.123234e-17 0.25881905 1 1 1 0.79166667 0.5 -0.96592583 6.123234e-17 0.25881905
vertex: -0.8660254 6.123234e-17 0.5 1 1 1 0.83333333 0.5 -0.8660254 6.123234e-17 0.5
vertex: -0.70710678 6.123234e-17 0.70710678 1 1 1 0.875 0.5 -0.70710678 6.123234e-17 0.70710678
vertex: -0.5 6.123234e-17 0.8660254 1 1 1 0.91666667 0.5 -0.5 6.123234e-17 0.8660254
vertex: -0.25881905 6.123234e-17 0.96592583 1 1 1 0.95833333 0.5 -0.25881905 6.123234e-17 0.96592583
vertex: -2.4492936e-16 6.123234e-17 1 1 1 1 1 0.5 -2.4492936e-16 6.123234e-17 1
vertex: 0 -0.19509032 0.98078528 1 1 1 0 0.5625 0 -0.19509032 0.98078528
vertex: 0.25384591 -0.19509032 0.94736583 1 1 1 0.041666667 0.5625 0.25384591 -0.19509032 0.94736583
vertex: 0.49039264 -0.19509032 0.84938497 1 1 1 0.083333333 0.5625 0.49039264 -0.19509032 0.84938497
vertex: 0.69351992 -0.19509032 0.69351992 1 1 1 0.125 0.5625 0.69351992 -0.19509032 0.69351992
vertex: 0.84938497 -0.19509032 0.49039264 1 1 1 0.16666667 0.5625 0.84938497 -0.19509032 0.49039264
vertex: 0.94736583 -0.19509032 0.25384591 1 1 1 0.20833333 0.5625 0.94736583 -0.19509032 0.25384591
vertex: 0.98078528 -0.19509032 6.0055778e-17 1 1 1 0.25 0.5625 0.98078528 -0.19509032 6.0055778e-17
vertex: 0.94736583 -0.19509032 -0.25384591 1 1 1 0.29166667 0.5625 0.94736583 -0.19509032 -0.25384591
vertex: 0.84938497 -0.19509032 -0.49039264 1 1 1 0.33333333 0.5625 0.84938497 -0.19509032 -0.49039264
vertex: 0.69351992 -0.19509032 -0.69351992 1 1 1 0.375 0.5625 0.69351992 -0.19509032 -0.69351992
vertex: 0.49039264 -0.19509032 -0.84938497 1 1 1 0.41666667 0.5625 0.49039264 -0.19509032 -0.84938497
vertex: 0.25384591 -0.19509032 -0.94736583 1 1 1 0.45833333 0.5625 0.25384591 -0.19509032 -0.94736583
vertex: 1.2011156e-16 -0.19509032 -0.98078528 1 1 1 0.5 0.5625 1.2011156e-16 -0.19509032 -0.98078528
vertex: -0.25384591 -0.19509032 -0.94736583 1 1 1 0.54166667 0.5625 -0.25384591 -0.19509032 -0.94736583
vertex: -0.49039264 -0.19509032 -0.84938497 1 1 1 0.58333333 0.5625 -0.49039264 -0.19509032 -0.84938497
vertex: -0.69351992 -0.19509032 -0.69351992 1 1 1 0.625 0.5625 -0.69351992 -0.19509032 -0.69351992
vertex: -0.84938497 -0.19509032 -0.49039264 1 1 1 0.66666667 0.5625 -0.84938497 -0.19509032 -0.49039264
vertex: -0.94736583 -0.19509032 -0.25384591 1 1 1 0.70833333 0.5625 -0.94736583 -0.19509032 -0.25384591
vertex: -0.98078528 -0.19509032 -1.8016733e-16 1 1 1 0.75 0.5625 -0.98078528 -0.19509032 -1.8016733e-16
vertex: -0.94736583 -0.19509032 0.25384591 1 1 1 0.79166667 0.5625 -0.94736583 -0.19509032 0.25384591
vertex: -0.84938497 -0.19509032 0.49039264 1 1 1 0.83333333 0.5625 -0.84938497 -0.19509032 0.49039264
vertex: -0.69351992 -0.19509032 0.69351992 1 1 1 0.875 0.5625 -0.69351992 -0.19509032 0.69351992
vertex: -0.49039264 -0.19509032 0.84938497 1 1 1 0.91666667 0.5625 -0.49039264 -0.19509032 0.84938497
vertex: -0.25384591 -0.19509032 0.94736583 1 1 1 0.95833333 0.5625 -0.25384591 -0.19509032 0.94736583
vertex: -2.4022311e-16 -0.19509032 0.98078528 1 1 1 1 0.5625 -2.4022311e-16 -0.19509032 0.98078528
vertex: 0 -0.38268343 0.92387953 1 1 1 0 0.625 0 -0.38268343 0.92387953
vertex: 0.23911762 -0.38268343 0.8923991 1 1 1 0.041666667 0.625 0.23911762 -0.38268343 0.8923991
vertex: 0.46193977 -0.38268343 0.80010315 1 1 1 0.083333333 0.625 0.46193977 -0.38268343 0.80010315
vertex: 0.65328148 -0.38268343 0.65328148 1 1 1 0.125 0.625 0.65328148 -0.38268343 0.65328148
vertex: 0.80010315 -0.38268343 0.46193977 1 1 1 0.16666667 0.625 0.80010315 -0.38268343 0.46193977
vertex: 0.8923991 -0.38268343 0.23911762 1 1 1 0.20833333 0.625 0.8923991 -0.38268343 0.23911762
vertex: 0.92387953 -0.38268343 5.6571306e-17 1 1 1 0.25 0.625 0.92387953 -0.38268343 5.6571306e-17
vertex: 0.8923991 -0.38268343 -0.23911762 1 1 1 0.29166667 0.625 0.8923991 -0.38268343 -0.23911762
vertex: 0.80010315 -0.38268343 -0.46193977 1 1 1 0.33333333 0.625 0.80010315 -0.38268343 -0.46193977
vertex: 0.65328148 -0.38268343 -0.65328148 1 1 1 0.375 0.625 0.65328148 -0.38268343 -0.65328148
vertex: 0.46193977 -0.38268343 -0.80010315 1 1 1 0.41666667 0.625 0.46193977 -0.38268343 -0.80010315
vertex: 0.23911762 -0.38268343 -0.8923991 1 1 1 0.45833333 0.625 0.23911762 -0.38268343 -0.8923991
vertex: 1.1314261e-16 -0.38268343 -0.92387953 1 1 1 0.5 0.625 1.1314261e-16 -0.38268343 -0.92387953
vertex: -0.23911762 -0.38268343 -0.8923991 1 1 1 0.54166667 0.625 -0.23911762 -0.38268343 -0.8923991
vertex: -0.46193977 -0.38268343 -0.80010315 1 1 1 0.58333333 0.625 -0.46193977 -0.38268343 -0.80010315
vertex: -0.65328148 -0.38268343 -0.65328148 1 1 1 0.625 0.625 -0.65328148 -0.38268343 -0.65328148
vertex: -0.80010315 -0.38268343 -0.46193977 1 1 1 0.66666667 0.625 -0.80010315 -0.38268343 -0.46193977
vertex: -0.8923991 -0.38268343 -0.23911762 1 1 1 0.70833333 0.625 -0.8923991 -0.38268343 -0.23911762
vertex: -0.92387953 -0.38268343 -1.6971392e-16 1 1 1 0.75 0.625 -0.92387953 -0.38268343 -1.6971392e-16
vertex: -0.8923991 -0.38268343 0.23911762 1 1 1 0.79166667 0.625 -0.8923991 -0.38268343 0.23911762
vertex: -0.80010315 -0.38268343 0.46193977 1 1 1 0.83333333 0.625 -0.80010315 -0.38268343 0.46193977
vertex: -0.65328148 -0.38268343 0.65328148 1 1 1 0.875 0.625 -0.65328148 -0.38268343 0.65328148
vertex: -0.46193977 -0.38268343 0.80010315 1 1 1 0.91666667 0.625 -0.46193977 -0.38268343 0.80010315
vertex: -0.23911762 -0.38268343 0.8923991 1 1 1 0.95833333 0.625 -0.23911762 -0.38268343 0.8923991
vertex: -2.2628522e-16 -0.38268343 0.92387953 1 1 1 1 0.625 -2.2628522e-16 -0.38268343 0.92387953
vertex: 0 -0.55557023 0.83146961 1 1 1 0 0.6875 0 -0.55557023 0.83146961
vertex: 0.21520017 -0.55557023 0.80313797 1 1 1 0.041666667 0.6875 0.21520017 -0.55557023 0.80313797
vertex: 0.41573481 -0.55557023 0.72007381 1 1 1 0.083333333 0.6875 0.41573481 -0.55557023 0.72007381
vertex: 0.5879378 -0.55557023 0.5879378 1 1 1 0.125 0.6875 0.5879378 -0.55557023 0.5879378
vertex: 0.72007381 -0.55557023 0.41573481 1 1 1 0.16666667 0.6875 0.72007381 -0.55557023 0.41573481
vertex: 0.80313797 -0.55557023 0.21520017 1 1 1 0.20833333 0.6875 0.80313797 -0.55557023 0.21520017
vertex: 0.83146961 -0.55557023 5.091283e-17 1 1 1 0.25 0.6875 0.83146961 -0.55557023 5.091283e-17
vertex: 0.80313797 -0.55557023 -0.21520017 1 1 1 0.29166667 0.6875 0.80313797 -0.55557023 -0.21520017
vertex: 0.72007381 -0.55557023 -0.41573481 1 1 1 0.33333333 0.6875 0.72007381 -0.55557023 -0.41573481
vertex: 0.5879378 -0.55557023 -0.5879378 1 1 1 0.375 0.6875 0.5879378 -0.55557023 -0.5879378
vertex: 0.41573481 -0.55557023 -0.72007381 1 1 1 0.41666667 0.6875 0.41573481 -0.55557023 -0.72007381
vertex: 0.21520017 -0.55557023 -0.80313797 1 1 1 0.45833333 0.6875 0.21520017 -0.55557023 -0.80313797
vertex: 1.0182566e-16 -0.55557023 -0.83146961 1 1 1 0.5 0.6875 1.0182566e-16 -0.55557023 -0.83146961
vertex: -0.21520017 -0.55557023 -0.80313797 1 1 1 0.54166667 0.6875 -0.21520017 -0.55557023 -0.80313797
vertex: -0.41573481 -0.55557023 -0.72007381 1 1 1 0.58333333 0.6875 -0.41573481 -0.55557023 -0.72007381
vertex: -0.5879378 -0.55557023 -0.5879378 1 1 1 0.625 0.6875 -0.5879378 -0.55557023 -0.5879378
vertex: -0.72007381 -0.55557023 -0.41573481 1 1 1 0.66666667 0.6875 -0.72007381 -0.55557023 -0.41573481
vertex: -0.80313797 -0.55557023 -0.21520017 1 1 1 0.70833333 0.6875 -0.80313797 -0.55557023 -0.21520017
vertex: -0.83146961 -0.55557023 -1.5273849e-16 1 1 1 0.75 0.6875 -0.83146961 -0.55557023 -1.5273849e-16
vertex: -0.80313797 -0.55557023 0.21520017 1 1 1 0.79166667 0.6875 -0.80313797 -0.55557023 0.21520017
vertex: -0.72007381 -0.55557023 0.41573481 1 1 1 0.83333333 0.6875 -0.72007381 -0.55557023 0.41573481
vertex: -0.5879378 -0.55557023 0.5879378 1 1 1 0.875 0.6875 -0.5879378 -0.55557023 0.5879378
vertex: -0.41573481 -0.55557023 0.72007381 1 1 1 0.91666667 0.6875 -0.41573481 -0.55557023 0.72007381
vertex: -0.21520017 -0.55557023 0.80313797 1 1 1 0.95833333 0.6875 -0.21520017 -0.55557023 0.80313797
vertex: -2.0365132e-16 -0.55557023 0.83146961 1 1 1 1 0.6875 -2.0365132e-16 -0.55557023 0.83146961
vertex: 0 -0.70710678 0.70710678 1 1 1 0 0.75 0 -0.70710678 0.70710678
vertex: 0.1830127 -0.70710678 0.6830127 1 1 1 0.041666667 0.75 0.1830127 -0.70710678 0.6830127
vertex: 0.35355339 -0.70710678 0.61237244 1 1 1 0.083333333 0.75 0.35355339 -0.70710678 0.61237244
vertex: 0.5 -0.70710678 0.5 1 1 1 0.125 0.75 0.5 -0.70710678 0.5
vertex: 0.61237244 -0.70710678 0.35355339 1 1 1 0.16666667 0.75 0.61237244 -0.70710678 0.35355339
vertex: 0.6830127 -0.70710678 0.1830127 1 1 1 0.20833333 0.75 0.6830127 -0.70710678 0.1830127
vertex: 0.70710678 -0.70710678 4.3297803e-17 1 1 1 0.25 0.75 0.70710678 -0.70710678 4.3297803e-17
vertex: 0.6830127 -0.70710678 -0.1830127 1 1 1 0.29166667 0.75 0.6830127 -0.70710678 -0.1830127
vertex: 0.61237244 -0.70710678 -0.35355339 1 1 1 0.33333333 0.75 0.61237244 -0.70710678 -0.35355339
vertex: 0.5 -0.70710678 -0.5 1 1 1 0.375 0.75 0.5 -0.70710678 -0.5
vertex: 0.35355339 -0.70710678 -0.61237244 1 1 1 0.41666667 0.75 0.35355339 -0.70710678 -0.61237244
vertex: 0.1830127 -0.70710678 -0.6830127 1 1 1 0.45833333 0.75 0.1830127 -0.70710678 -0.6830127
vertex: 8.6595606e-17 -0.70710678 -0.70710678 1 1 1 0.5 0.75 8.6595606e-17 -0.70710678 -0.70710678
vertex: -0.1830127 -0.70710678 -0.6830127 1 1 1 0.54166667 0.75 -0.1830127 -0.70710678 -0.6830127
vertex: -0.35355339 -0.70710678 -0.61237244 1 1 1 0.58333333 0.75 -0.35355339 -0.70710678 -0.61237244
vertex: -0.5 -0.70710678 -0.5 1 1 1 0.625 0.75 -0.5 -0.70710678 -0.5
vertex: -0.61237244 -0.70710678 -0.35355339 1 1 1 0.66666667 0.75 -0.61237244 -0.70710678 -0.35355339
vertex: -0.6830127 -0.70710678 -0.1830127 1 1 1 0.70833333 0.75 -0.6830127 -0.70710678 -0.1830127
vertex: -0.70710678 -0.70710678 -1.2989341e-16 1 1 1 0.75 0.75 -0.70710678 -0.70710678 -1.2989341e-16
vertex: -0.6830127 -0.70710678 0.1830127 1 1 1 0.79166667 0.75 -0.6830127 -0.70710678 0.1830127
vertex: -0.61237244 -0.70710678 0.35355339 1 1 1 0.83333333 0.75 -0.61237244 -0.70710678 0.35355339
vertex: -0.5 -0.70710678 0.5 1 1 1 0.875 0.75 -0.5 -0.70710678 0.5
vertex: -0.35355339 -0.70710678 0.61237244 1 1 1 0.91666667 0.75 -0.35355339 -0.70710678 0.61237244
vertex: -0.1830127 -0.70710678 0.6830127 1 1 1 0.95833333 0.75 -0.1830127 -0.70710678 0.6830127
vertex: -1.7319121e-16 -0.70710678 0.70710678 1 1 1 1 0.75 -1.7319121e-16 -0.70710678 0.70710678
vertex: 0 -0.83146961 0.55557023 1 1 1 0 0.8125 0 -0.83146961 0.55557023
vertex: 0.14379216 -0.83146961 0.53663964 1 1 1 0.041666667 0.8125 0.14379216 -0.83146961 0.53663964
vertex: 0.27778512 -0.83146961 0.48113794 1 1 1 0.083333333 0.8125 0.27778512 -0.83146961 0.48113794
vertex: 0.39284748 -0.83146961 0.39284748 1 1 1 0.125 0.8125 0.39284748 -0.83146961 0.39284748
vertex: 0.48113794 -0.83146961 0.27778512 1 1 1 0.16666667 0.8125 0.48113794 -0.83146961 0.27778512
vertex: 0.53663964 -0.83146961 0.14379216 1 1 1 0.20833333 0.8125 0.53663964 -0.83146961 0.14379216
vertex: 0.55557023 -0.83146961 3.4018865e-17 1 1 1 0.25 0.8125 0.55557023 -0.83146961 3.4018865e-17
vertex: 0.53663964 -0.83146961 -0.14379216 1 1 1 0.29166667 0.8125 0.53663964 -0.83146961 -0.14379216
vertex: 0.48113794 -0.83146961 -0.27778512 1 1 1 0.33333333 0.8125 0.48113794 -0.83146961 -0.27778512
vertex: 0.39284748 -0.83146961 -0.39284748 1 1 1 0.375 0.8125 0.39284748 -0.83146961 -0.39284748
vertex: 0.27778512 -0.83146961 -0.48113794 1 1 1 0.41666667 0.8125 0.27778512 -0.83146961 -0.48113794
vertex: 0.14379216 -0.83146961 -0.53663964 1 1 1 0.45833333 0.8125 0.14379216 -0.83146961 -0.53663964
vertex: 6.8037731e-17 -0.83146961 -0.55557023 1 1 1 0.5 0.8125 6.8037731e-17 -0.83146961 -0.55557023
vertex: -0.14379216 -0.83146961 -0.53663964 1 1 1 0.54166667 0.8125 -0.14379216 -0.83146961 -0.53663964
vertex: -0.27778512 -0.83146961 -0.48113794 1 1 1 0.58333333 0.8125 -0.27778512 -0.83146961 -0.48113794
vertex: -0.39284748 -0.83146961 -0.39284748 1 1 1 0.625 0.8125 -0.39284748 -0.83146961 -0.39284748
vertex: -0.48113794 -0.83146961 -0.27778512 1 1 1 0.66666667 0.8125 -0.48113794 -0.83146961 -0.27778512
vertex: -0.53663964 -0.83146961 -0.14379216 1 1 1 0.70833333 0.8125 -0.53663964 -0.83146961 -0.14379216
vertex: -0.55557023 -0.83146961 -1.020566e-16 1 1 1 0.75 0.8125 -0.55557023 -0.83146961 -1.020566e-16
vertex: -0.53663964 -0.83146961 0.14379216 1 1 1 0.79166667 0.8125 -0.53663964 -0.83146961 0.14379216
vertex: -0.48113794 -0.83146961 0.27778512 1 1 1 0.83333333 0.8125 -0.48113794 -0.83146961 0.27778512
vertex: -0.39284748 -0.83146961 0.39284748 1 1 1 0.875 0.8125 -0.39284748 -0.83146961 0.39284748
vertex: -0.27778512 -0.83146961 0.48113794 1 1 1 0.91666667 0.8125 -0.27778512 -0.83146961 0.48113794
vertex: -0.14379216 -0.83146961 0.53663964 1 1 1 0.95833333 0.8125 -0.14379216 -0.83146961 0.53663964
vertex: -1.3607546e-16 -0.83146961 0.55557023 1 1 1 1 0.8125 -1.3607546e-16 -0.83146961 0.55557023
vertex: 0 -0.92387953 0.38268343 1 1 1 0 0.875 0 -0.92387953 0.38268343
vertex: 0.099045761 -0.92387953 0.36964381 1 1 1 0.041666667 0.875 0.099045761 -0.92387953 0.36964381
vertex: 0.19134172 -0.92387953 0.33141357 1 1 1 0.083333333 0.875 0.19134172 -0.92387953 0.33141357
vertex: 0.27059805 -0.92387953 0.27059805 1 1 1 0.125 0.875 0.27059805 -0.92387953 0.27059805
vertex: 0.33141357 -0.92387953 0.19134172 1 1 1 0.16666667 0.875 0.33141357 -0.92387953 0.19134172
vertex: 0.36964381 -0.92387953 0.099045761 1 1 1 0.20833333 0.875 0.36964381 -0.92387953 0.099045761
vertex: 0.38268343 -0.92387953 2.3432602e-17 1 1 1 0.25 0.875 0.38268343 -0.92387953 2.3432602e-17
vertex: 0.36964381 -0.92387953 -0.099045761 1 1 1 0.29166667 0.875 0.36964381 -0.92387953 -0.099045761
vertex: 0.33141357 -0.92387953 -0.19134172 1 1 1 0.33333333 0.875 0.33141357 -0.92387953 -0.19134172
vertex: 0.27059805 -0.92387953 -0.27059805 1 1 1 0.375 0.875 0.27059805 -0.92387953 -0.27059805
vertex: 0.19134172 -0.92387953 -0.33141357 1 1 1 0.41666667 0.875 0.19134172 -0.92387953 -0.33141357
vertex: 0.099045761 -0.92387953 -0.36964381 1 1 1 0.45833333 0.875 0.099045761 -0.92387953 -0.36964381
vertex: 4.6865204e-17 -0.92387953 -0.38268343 1 1 1 0.5 0.875 4.6865204e-17 -0.92387953 -0.38268343
vertex: -0.099045761 -0.92387953 -0.36964381 1 1 1 0.54166667 0.875 -0.099045761 -0.92387953 -0.36964381
vertex: -0.19134172 -0.92387953 -0.33141357 1 1 1 0.58333333 0.875 -0.19134172 -0.92387953 -0.33141357
vertex: -0.27059805 -0.92387953 -0.27059805 1 1 1 0.625 0.875 -0.27059805 -0.92387953 -0.27059805
vertex: -0.33141357 -0.92387953 -0.19134172 1 1 1 0.66666667 0.875 -0.33141357 -0.92387953 -0.19134172
vertex: -0.36964381 -0.92387953 -0.099045761 1 1 1 0.70833333 0.875 -0.36964381 -0.92387953 -0.099045761
vertex: -0.38268343 -0.92387953 -7.0297806e-17 1 1 1 0.75 0.875 -0.38268343 -0.92387953 -7.0297806e-17
vertex: -0.36964381 -0.92387953 0.099045761 1 1 1 0.79166667 0.875 -0.36964381 -0.92387953 0.099045761
vertex: -0.33141357 -0.92387953 0.19134172 1 1 1 0.83333333 0.875 -0.33141357 -0.92387953 0.19134172
vertex: -0.27059805 -0.92387953 0.27059805 1 1 1 0.875 0.875 -0.27059805 -0.92387953 0.27059805
vertex: -0.19134172 -0.92387953 0.33141357 1 1 1 0.91666667 0.875 -0.19134172 -0.92387953 0.33141357
vertex: -0.099045761 -0.92387953 0.36964381 1 1 1 0.95833333 0.875 -0.099045761 -0.92387953 0.36964381
vertex: -9.3730408e-17 -0.92387953 0.38268343 1 1 1 1 0.875 -9.3730408e-17 -0.92387953 0.38268343
vertex: 0 -0.98078528 0.19509032 1 1 1 0 0.9375 0 -0.98078528 0.19509032
vertex: 0.050493091 -0.98078528 0.18844278 1 1 1 0.041666667 0.9375 0.050493091 -0.98078528 0.18844278
vertex: 0.097545161 -0.98078528 0.16895317 1 1 1 0.083333333 0.9375 0.097545161 -0.98078528 0.16895317
vertex: 0.13794969 -0.98078528 0.13794969 1 1 1 0.125 0.9375 0.13794969 -0.98078528 0.13794969
vertex: 0.16895317 -0.98078528 0.097545161 1 1 1 0.16666667 0.9375 0.16895317 -0.98078528 0.097545161
vertex: 0.18844278 -0.98078528 0.050493091 1 1 1 0.20833333 0.9375 0.18844278 -0.98078528 0.050493091
vertex: 0.19509032 -0.98078528 1.1945837e-17 1 1 1 0.25 0.9375 0.19509032 -0.98078528 1.1945837e-17
vertex: 0.18844278 -0.98078528 -0.050493091 1 1 1 0.29166667 0.9375 0.18844278 -0.98078528 -0.050493091
vertex: 0.16895317 -0.98078528 -0.097545161 1 1 1 0.33333333 0.9375 0.16895317 -0.98078528 -0.097545161
vertex: 0.13794969 -0.98078528 -0.13794969 1 1 1 0.375 0.9375 0.13794969 -0.98078528 -0.13794969
vertex: 0.097545161 -0.98078528 -0.16895317 1 1 1 0.41666667 0.9375 0.097545161 -0.98078528 -0.16895317
vertex: 0.050493091 -0.98078528 -0.18844278 1 1 1 0.45833333 0.9375 0.050493091 -0.98078528 -0.18844278
vertex: 2.3891674e-17 -0.98078528 -0.19509032 1 1 1 0.5 0.9375 2.3891674e-17 -0.98078528 -0.19509032
vertex: -0.050493091 -0.98078528 -0.18844278 1 1 1 0.54166667 0.9375 -0.050493091 -0.98078528 -0.18844278
vertex: -0.097545161 -0.98078528 -0.16895317 1 1 1 0.58333333 0.9375 -0.097545161 -0.98078528 -0.16895317
vertex: -0.13794969 -0.98078528 -0.13794969 1 1 1 0.625 0.9375 -0.13794969 -0.98078528 -0.13794969
vertex: -0.16895317 -0.98078528 -0.097545161 1 1 1 0.66666667 0.9375 -0.16895317 -0.98078528 -0.097545161
vertex: -0.18844278 -0.98078528 -0.050493091 1 1 1 0.70833333 0.9375 -0.18844278 -0.98078528 -0.050493091
vertex: -0.19509032 -0.98078528 -3.5837511e-17 1 1 1 0.75 0.9375 -0.19509032 -0.98078528 -3.5837511e-17
vertex: -0.18844278 -0.98078528 0.050493091 1 1 1 0.79166667 0.9375 -0.18844278 -0.98078528 0.050493091
vertex: -0.16895317 -0.98078528 0.097545161 1 1 1 0.83333333 0.9375 -0.16895317 -0.98078528 0.097545161
vertex: -0.13794969 -0.98078528 0.13794969 1 1 1 0.875 0.9375 -0.13794969 -0.98078528 0.13794969
vertex: -0.097545161 -0.98078528 0.16895317 1 1 1 0.91666667 0.9375 -0.097545161 -0.98078528 0.16895317
vertex: -0.050493091 -0.98078528 0.18844278 1 1 1 0.95833333 0.9375 -0.050493091 -0.98078528 0.18844278
vertex: -4.7783348e-17 -0.98078528 0.19509032 1 1 1 1 0.9375 -4.7783348e-17 -0.98078528 0.19509032
vertex: 0 -1 1.2246468e-16 1 1 1 0 1 0 -1 1.2246468e-16
vertex: 3.1696192e-17 -1 1.182918e-16 1 1 1 0.041666667 1 3.1696192e-17 -1 1.182918e-16
vertex: 6.123234e-17 -1 1.0605752e-16 1 1 1 0.083333333 1 6.123234e-17 -1 1.0605752e-16
vertex: 8.6595606e-17 -1 8.6595606e-17 1 1 1 0.125 1 8.6595606e-17 -1 8.6595606e-17
vertex: 1.0605752e-16 -1 6.123234e-17 1 1 1 0.16666667 1 1.0605752e-16 -1 6.123234e-17
vertex: 1.182918e-16 -1 3.1696192e-17 1 1 1 0.20833333 1 1.182918e-16 -1 3.1696192e-17
vertex: 1.2246468e-16 -1 7.4987989e-33 1 1 1 0.25 1 1.2246468e-16 -1 7.4987989e-33
vertex: 1.182918e-16 -1 -3.1696192e-17 1 1 1 0.29166667 1 1.182918e-16 -1 -3.1696192e-17
vertex: 1.0605752e-16 -1 -6.123234e-17 1 1 1 0.33333333 1 1.0605752e-16 -1 -6.123234e-17
vertex: 8.6595606e-17 -1 -8.6595606e-17 1 1 1 0.375 1 8.6595606e-17 -1 -8.6595606e-17
vertex: 6.123234e-17 -1 -1.0605752e-16 1 1 1 0.41666667 1 6.123234e-17 -1 -1.0605752e-16
vertex: 3.1696192e-17 -1 -1.182918e-16 1 1 1 0.45833333 1 3.1696192e-17 -1 -1.182918e-16
vertex: 1.4997598e-32 -1 -1.2246468e-16 1 1 1 0.5 1 1.4997598e-32 -1 -1.2246468e-16
vertex: -3.1696192e-17 -1 -1.182918e-16 1 1 1 0.54166667 1 -3.1696192e-17 -1 -1.182918e-16
vertex: -6.123234e-17 -1 -1.0605752e-16 1 1 1 0.58333333 1 -6.123234e-17 -1 -1.0605752e-16
vertex: -8.6595606e-17 -1 -8.6595606e-17 1 1 1 0.625 1 -8.6595606e-17 -1 -8.6595606e-17
vertex: -1.0605752e-16 -1 -6.123234e-17 1 1 1 0.66666667 1 -1.0605752e-16 -1 -6.123234e-17
vertex: -1.182918e-16 -1 -3.1696192e-17 1 1 1 0.70833333 1 -1.182918e-16 -1 -3.1696192e-17
vertex: -1.2246468e-16 -1 -2.2496397e-32 1 1 1 0.75 1 -1.2246468e-16 -1 -2.2496397e-32
vertex: -1.182918e-16 -1 3.1696192e-17 1 1 1 0.79166667 1 -1.182918e-16 -1 3.1696192e-17
vertex: -1.0605752e-16 -1 6.123234e-17 1 1 1 0.83333333 1 -1.0605752e-16 -1 6.123234e-17
vertex: -8.6595606e-17 -1 8.6595606e-17 1 1 1 0.875 1 -8.6595606e-17 -1 8.6595606e-17
vertex: -6.123234e-17 -1 1.0605752e-16 1 1 1 0.91666667 1 -6.123234e-17 -1 1.0605752e-16
vertex: -3.1696192e-17 -1 1.182918e-16 1 1 1 0.95833333 1 -3.1696192e-17 -1 1.182918e-16
vertex: -2.9995196e-32 -1 1.2246468e-16 1 1 1 1 1 -2.9995196e-32 -1 1.2246468e-16
index: 0 25 26
index: 0 26 1
index: 1 26 27
index: 1 27 2
index: 2 27 28
index: 2 28 3
index: 3 28 29
index: 3 29 4
index: 4 29 30
index: 4 30 5
index: 5 30 31
index: 5 31 6
index: 6 31 32
index: 6 32 7
index: 7 32 33
index: 7 33 8
index: 8 33 34
index: 8 34 9
index: 9 34 35
index: 9 35 10
index: 10 35 36
index: 10 36 11
index: 11 36 37
index: 11 37 12
index: 12 37 38
index: 12 38 13
index: 13 38 39
index: 13 39 14
index: 14 39 40
index: 14 40 15
index: 15 40 41
index: 15 41 16
index: 16 41 42
index: 16 42 17
index: 17 42 43
index: 17 43 18
index: 18 43 44
index: 18 44 19
index: 19 44 45
index: 19 45 20
index: 20 45 46
index: 20 46 21
index: 21 46 47
index: 21 47 22
index: 22 47 48
index: 22 48 23
index: 23 48 49
index: 23 49 24
index: 25 50 51
index: 25 51 26
index: 26 51 52
index: 26 52 27
index: 27 52 53
index: 27 53 28
index: 28 53 54
index: 28 54 29
index: 29 54 55
index: 29 55 30
index: 30 55 56
index: 30 56 31
index: 31 56 57
index: 31 57 32
index: 32 57 58
index: 32 58 33
index: 33 58 59
index: 33 59 34
index: 34 59 60
index: 34 60 35
index: 35 60 61
index: 35 61 36
index: 36 61 62
index: 36 62 37
index: 37 62 63
index: 37 63 38
index: 38 63 64
index: 38 64 39
index: 39 64 65
index: 39 65 40
index: 40 65 66
index: 40 66 41
index: 41 66 67
index: 41 67 42
index: 42 67 68
index: 42 68 43
index: 43 68 69
index: 43 69 44
index: 44 69 70
index: 44 70 45
index: 45 70 71
index: 45 71 46
index: 46 71 72
index: 46 72 47
index: 47 72 73
index: 47 73 48
index: 48 73 74
index: 48 74 49
index: 50 75 76
index: 50 76 51
index: 51 76 77
index: 51 77 52
index: 52 77 78
index: 52 78 53
index: 53 78 79
index: 53 79 54
index: 54 79 80
index: 54 80 55
index: 55 80 81
index: 55 81 56
index: 56 81 82
index: 56 82 57
index: 57 82 83
index: 57 83 58
index: 58 83 84
index: 58 84 59
index: 59 84 85
index: 59 85 60
index: 60 85 86
index: 60 86 61
index: 61 86 87
index: 61 87 62
index: 62 87 88
index: 62 88 63
index: 63 88 89
index: 63 89 64
index: 64 89 90
index: 64 90 65
index: 65 90 91
index: 65 91 66
index: 66 91 92
index: 66 92 67
index: 67 92 93
index: 67 93 68
index: 68 93 94
index: 68 94 69
index: 69 94 95
index: 69 95 70
index: 70 95 96
index: 70 96 71
index: 71 96 97
index: 71 97 72
index: 72 97 98
index: 72 98 73
index: 73 98 99
index: 73 99 74
index: 75 100 101
index: 75 101 76
index: 76 101 102
index: 76 102 77
index: 77 102 103
index: 77 103 78
index: 78 103 104
index: 78 104 79
index: 79 104 105
index: 79 105 80
index: 80 105 106
index: 80 106 81
index: 81 106 107
index: 81 107 82
index: 82 107 108
index: 82 108 83
index: 83 108 109
index: 83 109 84
index: 84 109 110
index: 84 110 85
index: 85 110 111
index: 85 111 86
index: 86 111 112
index: 86 112 87
index: 87 112 113
index: 87 113 88
index: 88 113 114
index: 88 114 89
index: 89 114 115
index: 89 115 90
index: 90 115 116
index: 90 116 91
index: 91 116 117
index: 91 117 92
index: 92 117 118
index: 92 118 93
index: 93 118 119
index: 93 119 94
index: 94 119 120
index: 94 120 95
index: 95 120 121
index: 95 121 96
index: 96 121 122
index: 96 122 97
index: 97 122 123
index: 97 123 98
index: 98 123 124
index: 98 124 99
index: 100 125 126
index: 100 126 101
index: 101 126 127
index: 101 127 102
index: 102 127 128
index: 102 128 103
index: 103 128 129
index: 103 129 104
index: 104 129 130
index: 104 130 105
index: 105 130 131
index: 105 131 106
index: 106 131 132
index: 106 132 107
index: 107 132 133
index: 107 133 108
index: 108 133 134
index: 108 134 109
index: 109 134 135
index: 109 135 110
index: 110 135 136
index: 110 136 111
index: 111 136 137
index: 111 137 112
index: 112 137 138
index: 112 138 113
index: 113 138 139
index: 113 139 114
index: 114 139 140
index: 114 140 115
index: 115 140 141
index: 115 141 116
index: 116 141 142
index: 116 142 117
index: 117 142 143
index: 117 143 118
index: 118 143 144
index: 118 144 119
index: 119 144 145
index: 119 145 120
index: 120 145 146
index: 120 146 121
index: 121 146 147
index: 121 147 122
index: 122 147 148
index: 122 148 123
index: 123 148 149
index: 123 149 124
index: 125 150 151
index: 125 151 126
index: 126 151 152
index: 126 152 127
index: 127 152 153
index: 127 153 128
index: 128 153 154
index: 128 154 129
index: 129 154 155
index: 129 155 130
index: 130 155 156
index: 130 156 131
index: 131 156 157
index: 131 157 132
index: 132 157 158
index: 132 158 133
index: 133 158 159
index: 133 159 134
index: 134 159 160
index: 134 160 135
index: 135 160 161
index: 135 161 136
index: 136 161 162
index: 136 162 137
index: 137 162 163
index: 137 163 138
index: 138 163 164
index: 138 164 139
index: 139 164 165
index: 139 165 140
index: 140 165 166
index: 140 166 141
index: 141 166 167
index: 141 167 142
index: 142 167 168
index: 142 168 143
index: 143 168 169
index: 143 169 144
index: 144 169 170
index: 144 170 145
index: 145 170 171
index: 145 171 146
index: 146 171 172
index: 146 172 147
index: 147 172 173
index: 147 173 148
index: 148 173 174
index: 148 174 149
index: 150 175 176
index: 150 176 151
index: 151 176 177
index: 151 177 152
index: 152 177 178
index: 152 178 153
index: 153 178 179
index: 153 179 154
index: 154 179 180
index: 154 180 155
index: 155 180 181
index: 155 181 156
index: 156 181 182
index: 156 182 157
index: 157 182 183
index: 157 183 158
index: 158 183 184
index: 158 184 159
index: 159 184 185
index: 159 185 160
index: 160 185 186
index: 160 186 161
index: 161 186 187
index: 161 187 162
index: 162 187 188
index: 162 188 163
index: 163 188 189
index: 163 189 164
index: 164 189 190
index: 164 190 165
index: 165 190 191
index: 165 191 166
index: 166 191 192
index: 166 192 167
index: 167 192 193
index: 167 193 168
index: 168 193 194
index: 168 194 169
index: 169 194 195
index: 169 195 170
index: 170 195 196
index: 170 196 171
index: 171 196 197
index: 171 197 172
index: 172 197 198
index: 172 198 173
index: 173 198 199
index: 173 199 174
index: 175 200 201
index: 175 201 176
index: 176 201 202
index: 176 202 177
index: 177 202 203
index: 177 203 178
index: 178 203 204
index: 178 204 179
index: 179 204 205
index: 179 205 180
index: 180 205 206
index: 180 206 181
index: 181 206 207
index: 181 207 182
index: 182 207 208
index: 182 208 183
index: 183 208 209
index: 183 209 184
index: 184 209 210
index: 184 210 185
index: 185 210 211
index: 185 211 186
index: 186 211 212
index: 186 212 187
index: 187 212 213
index: 187 213 188
index: 188 213 214
index: 188 214 189
index: 189 214 215
index: 189 215 190
index: 190 215 216
index: 190 216 191
index: 191 216 217
index: 191 217 192
index: 192 217 218
index: 192 218 193
index: 193 218 219
index: 193 219 194
index: 194 219 220
index: 194 220 195
index: 195 220 221
index: 195 221 196
index: 196 221 222
index: 196 222 197
index: 197 222 223
index: 197 223 198
index: 198 223 224
index: 198 224 199
index: 200 225 226
index: 200 226 201
index: 201 226 227
index: 201 227 202
index: 202 227 228
index: 202 228 203
index: 203 228 229
index: 203 229 204
index: 204 229 230
index: 204 230 205
index: 205 230 231
index: 205 231 206
index: 206 231 232
index: 206 232 207
index: 207 232 233
index: 207 233 208
index: 208 233 234
index: 208 234 209
index: 209 234 235
index: 209 235 210
index: 210 235 236
index: 210 236 211
index: 211 236 237
index: 211 237 212
index: 212 237 238
index: 212 238 213
index: 213 238 239
index: 213 239 214
index: 214 239 240
index: 214 240 215
index: 215 240 241
index: 215 241 216
index: 216 241 242
index: 216 242 217
index: 217 242 243
index: 217 243 218
index: 218 243 244
index: 218 244 219
index: 219 244 245
index: 219 245 220
index: 220 245 246
index: 220 246 221
index: 221 246 247
index: 221 247 222
index: 222 247 248
index: 222 248 223
index: 223 248 249
index: 223 249 224
index: 225 250 251
index: 225 251 226
index: 226 251 252
index: 226 252 227
index: 227 252 253
index: 227 253 228
index: 228 253 254
index: 228 254 229
index: 229 254 255
index: 229 255 230
index: 230 255 256
index: 230 256 231
index: 231 256 257
index: 231 257 232
index: 232 257 258
index: 232 258 233
index: 233 258 259
index: 233 259 234
index: 234 259 260
index: 234 260 235
index: 235 260 261
index: 235 261 236
index: 236 261 262
index: 236 262 237
index: 237 262 263
index: 237 263 238
index: 238 263 264
index: 238 264 239
index: 239 264 265
index: 239 265 240
index: 240 265 266
index: 240 266 241
index: 241 266 267
index: 241 267 242
index: 242 267 268
index: 242 268 243
index: 243 268 269
index: 243 269 244
index: 244 269 270
index: 244 270 245
index: 245 270 271
index: 245 271 246
index: 246 271 272
index: 246 272 247
index: 247 272 273
index: 247 273 248
index: 248 273 274
index: 248 274 249
index: 250 275 276
index: 250 276 251
index: 251 276 277
index: 251 277 252
index: 252 277 278
index: 252 278 253
index: 253 278 279
index: 253 279 254
index: 254 279 280
index: 254 280 255
index: 255 280 281
index: 255 281 256
index: 256 281 282
index: 256 282 257
index: 257 282 283
index: 257 283 258
index: 258 283 284
index: 258 284 259
index: 259 284 285
index: 259 285 260
index: 260 285 286
index: 260 286 261
index: 261 286 287
index: 261 287 262
index: 262 287 288
index: 262 288 263
index: 263 288 289
index: 263 289 264
index: 264 289 290
index: 264 290 265
index: 265 290 291
index: 265 291 266
index: 266 291 292
index: 266 292 267
index: 267 292 293
index: 267 293 268
index: 268 293 294
index: 268 294 269
index: 269 294 295
index: 269 295 270
index: 270 295 296
index: 270 296 271
index: 271 296 297
index: 271 297 272
index: 272 297 298
index: 272 298 273
index: 273 298 299
index: 273 299 274
index: 275 300 301
index: 275 301 276
index: 276 301 302
index: 276 302 277
index: 277 302 303
index: 277 303 278
index: 278 303 304
index: 278 304 279
index: 279 304 305
index: 279 305 280
index: 280 305 306
index: 280 306 281
index: 281 306 307
index: 281 307 282
index: 282 307 308
index: 282 308 283
index: 283 308 309
index: 283 309 284
index: 284 309 310
index: 284 310 285
index: 285 310 311
index: 285 311 286
index: 286 311 312
index: 286 312 287
index: 287 312 313
index: 287 313 288
index: 288 313 314
index: 288 314 289
index: 289 314 315
index: 289 315 290
index: 290 315 316
index: 290 316 291
index: 291 316 317
index: 291 317 292
index: 292 317 318
index: 292 318 293
index: 293 318 319
index: 293 319 294
index: 294 319 320
index: 294 320 295
index: 295 320 321
index: 295 321 296
index: 296 321 322
index: 296 322 297
index: 297 322 323
index: 297 323 298
index: 298 323 324
index: 298 324 299
index: 300 325 326
index: 300 326 301
index: 301 326 327
index: 301 327 302
index: 302 327 328
index: 302 328 303
index: 303 328 329
index: 303 329 304
index: 304 329 330
index: 304 330 305
index: 305 330 331
index: 305 331 306
index: 306 331 332
index: 306 332 307
index: 307 332 333
index: 307 333 308
index: 308 333 334
index: 308 334 309
index: 309 334 335
index: 309 335 310
index: 310 335 336
index: 310 336 311
index: 311 336 337
index: 311 337 312
index: 312 337 338
index: 312 338 313
index: 313 338 339
index: 313 339 314
index: 314 339 340
index: 314 340 315
index: 315 340 341
index: 315 341 316
index: 316 341 342
index: 316 342 317
index: 317 342 343
index: 317 343 318
index: 318 343 344
index: 318 344 319
index: 319 344 345
index: 319 345 320
index: 320 345 346
index: 320 346 321
index: 321 346 347
index: 321 347 322
index: 322 347 348
index: 322 348 323
index: 323 348 349
index: 323 349 324
index: 325 350 351
index: 325 351 326
index: 326 351 352
index: 326 352 327
index: 327 352 353
index: 327 353 328
index: 328 353 354
index: 328 354 329
index: 329 354 355
index: 329 355 330
index: 330 355 356
index: 330 356 331
index: 331 356 357
index: 331 357 332
index: 332 357 358
index: 332 358 333
index: 333 358 359
index: 333 359 334
index: 334 359 360
index: 334 360 335
index: 335 360 361
index: 335 361 336
index: 336 361 362
index: 336 362 337
index: 337 362 363
index: 337 363 338
index: 338 363 364
index: 338 364 339
index: 339 364 365
index: 339 365 340
index: 340 365 366
index: 340 366 341
index: 341 366 367
index: 341 367 342
index: 342 367 368
index: 342 368 343
index: 343 368 369
index: 343 369 344
index: 344 369 370
index: 344 370 345
index: 345 370 371
index: 345 371 346
index: 346 371 372
index: 346 372 347
index: 347 372 373
index: 347 373 348
index: 348 373 374
index: 348 374 349
index: 350 375 376
index: 350 376 351
index: 351 376 377
index: 351 377 352
index: 352 377 378
index: 352 378 353
index: 353 378 379
index: 353 379 354
index: 354 379 380
index: 354 380 355
index: 355 380 381
index: 355 381 356
index: 356 381 382
index: 356 382 357
index: 357 382 383
index: 357 383 358
index: 358 383 384
index: 358 384 359
index: 359 384 385
index: 359 385 360
index: 360 385 386
index: 360 386 361
index: 361 386 387
index: 361 387 362
index: 362 387 388
index: 362 388 363
index: 363 388 389
index: 363 389 364
index: 364 389 390
index: 364 390 365
index: 365 390 391
index: 365 391 366
index: 366 391 392
index: 366 392 367
index: 367 392 393
index: 367 393 368
index: 368 393 394
index: 368 394 369
index: 369 394 395
index: 369 395 370
index: 370 395 396
index: 370 396 371
index: 371 396 397
index: 371 397 372
index: 372 397 398
index: 372 398 373
index: 373 398 399
index: 373 399 374
index: 375 400 401
index: 375 401 376
index: 376 401 402
index: 376 402 377
index: 377 402 403
index: 377 403 378
index: 378 403 404
index: 378 404 379
index: 379 404 405
index: 379 405 380
index: 380 405 406
index: 380 406 381
index: 381 406 407
index: 381 407 382
index: 382 407 408
index: 382 408 383
index: 383 408 409
index: 383 409 384
index: 384 409 410
index: 384 410 385
index: 385 410 411
index: 385 411 386
index: 386 411 412
index: 386 412 387
index: 387 412 413
index: 387 413 388
index: 388 413 414
index: 388 414 389
index: 389 414 415
index: 389 415 390
index: 390 415 416
index: 390 416 391
index: 391 416 417
index: 391 417 392
index: 392 417 418
index: 392 418 393
index: 393 418 419
index: 393 419 394
index: 394 419 420
index: 394 420 395
index: 395 420 421
index: 395 421 396
index: 396 421 422
index: 396 422 397
index: 397 422 423
index: 397 423 398
index: 398 423 424
index: 398 424 399
