atlantis_static_mesh_source_version: 3
vertex_count: 202
index_count: 720
vertex: 0.55 0 0 1 1 1 0 0 1 0 0
vertex: 0.5312592 0 0.14235047 1 1 1 0.041666667 0 0.96592583 0 0.25881905
vertex: 0.47631397 0 0.275 1 1 1 0.083333333 0 0.8660254 0 0.5
vertex: 0.38890873 0 0.38890873 1 1 1 0.125 0 0.70710678 0 0.70710678
vertex: 0.275 0 0.47631397 1 1 1 0.16666667 0 0.5 0 0.8660254
vertex: 0.14235047 0 0.5312592 1 1 1 0.20833333 0 0.25881905 0 0.96592583
vertex: 0 0 0.55 1 1 1 0.25 0 0 0 1
vertex: -0.14235047 0 0.5312592 1 1 1 0.29166667 0 -0.25881905 0 0.96592583
vertex: -0.275 0 0.47631397 1 1 1 0.33333333 0 -0.5 0 0.8660254
vertex: -0.38890873 0 0.38890873 1 1 1 0.375 0 -0.70710678 0 0.70710678
vertex: -0.47631397 0 0.275 1 1 1 0.41666667 0 -0.8660254 0 0.5
vertex: -0.5312592 0 0.14235047 1 1 1 0.45833333 0 -0.96592583 0 0.25881905
vertex: -0.55 0 0 1 1 1 0.5 0 -1 0 0
vertex: -0.5312592 0 -0.14235047 1 1 1 0.54166667 0 -0.96592583 0 -0.25881905
vertex: -0.47631397 0 -0.275 1 1 1 0.58333333 0 -0.8660254 0 -0.5
vertex: -0.38890873 0 -0.38890873 1 1 1 0.625 0 -0.70710678 0 -0.70710678
vertex: -0.275 0 -0.47631397 1 1 1 0.66666667 0 -0.5 0 -0.8660254
vertex: -0.14235047 0 -0.5312592 1 1 1 0.70833333 0 -0.25881905 0 -0.96592583
vertex: 0 0 -0.55 1 1 1 0.75 0 0 0 -1
vertex: 0.14235047 0 -0.5312592 1 1 1 0.79166667 0 0.25881905 0 -0.96592583
vertex: 0.275 0 -0.47631397 1 1 1 0.83333333 0 0.5 0 -0.8660254
vertex: 0.38890873 0 -0.38890873 1 1 1 0.875 0 0.70710678 0 -0.70710678
vertex: 0.47631397 0 -0.275 1 1 1 0.91666667 0 0.8660254 0 -0.5
vertex: 0.5312592 0 -0.14235047 1 1 1 0.95833333 0 0.96592583 0 -0.25881905
vertex: 0.55 0 0 1 1 1 1 0 1 0 0
vertex: 0.55 0.05 0 1 1 1 0 0.2 0.36439935 0.93124278 0
vertex: 0.5312592 0.05 0.14235047 1 1 1 0.041666667 0.2 0.35198274 0.93124278 0.094313491
vertex: 0.47631397 0.05 0.275 1 1 1 0.083333333 0.2 0.31557909 0.93124278 0.18219967
vertex: 0.38890873 0.05 0.38890873 1 1 1 0.125 0.2 0.25766925 0.93124278 0.25766925
vertex: 0.275 0.05 0.47631397 1 1 1 0.16666667 0.2 0.18219967 0.93124278 0.31557909
vertex: 0.14235047 0.05 0.5312592 1 1 1 0.20833333 0.2 0.094313491 0.93124278 0.35198274
vertex: 0 0.05 0.55 1 1 1 0.25 0.2 0 0.93124278 0.36439935
vertex: -0.14235047 0.05 0.5312592 1 1 1 0.29166667 0.2 -0.094313491 0.93124278 0.35198274
vertex: -0.275 0.05 0.47631397 1 1 1 0.33333333 0.2 -0.18219967 0.93124278 0.31557909
vertex: -0.38890873 0.05 0.38890873 1 1 1 0.375 0.2 -0.25766925 0.93124278 0.25766925
vertex: -0.47631397 0.05 0.275 1 1 1 0.41666667 0.2 -0.31557909 0.93124278 0.18219967
vertex: -0.5312592 0.05 0.14235047 1 1 1 0.45833333 0.2 -0.35198274 0.93124278 0.094313491
vertex: -0.55 0.05 0 1 1 1 0.5 0.2 -0.36439935 0.93124278 0
vertex: -0.5312592 0.05 -0.14235047 1 1 1 0.54166667 0.2 -0.35198274 0.93124278 -0.094313491
vertex: -0.47631397 0.05 -0.275 1 1 1 0.58333333 0.2 -0.31557909 0.93124278 -0.18219967
vertex: -0.38890873 0.05 -0.38890873 1 1 1 0.625 0.2 -0.25766925 0.93124278 -0.25766925
vertex: -0.275 0.05 -0.47631397 1 1 1 0.66666667 0.2 -0.18219967 0.93124278 -0.31557909
vertex: -0.14235047 0.05 -0.5312592 1 1 1 0.70833333 0.2 -0.094313491 0.93124278 -0.35198274
vertex: 0 0.05 -0.55 1 1 1 0.75 0.2 0 0.93124278 -0.36439935
vertex: 0.14235047 0.05 -0.5312592 1 1 1 0.79166667 0.2 0.094313491 0.93124278 -0.35198274
vertex: 0.275 0.05 -0.47631397 1 1 1 0.83333333 0.2 0.18219967 0.93124278 -0.31557909
vertex: 0.38890873 0.05 -0.38890873 1 1 1 0.875 0.2 0.25766925 0.93124278 -0.25766925
vertex: 0.47631397 0.05 -0.275 1 1 1 0.91666667 0.2 0.31557909 0.93124278 -0.18219967
vertex: 0.5312592 0.05 -0.14235047 1 1 1 0.95833333 0.2 0.35198274 0.93124278 -0.094313491
vertex: 0.55 0.05 0 1 1 1 1 0.2 0.36439935 0.93124278 0
vertex: 0.32 0.09 0 1 1 1 0 0.4 0.78349768 0.62139471 0
vertex: 0.30909626 0.09 0.082822094 1 1 1 0.041666667 0.4 0.75680064 0.62139471 0.20278412
vertex: 0.27712813 0.09 0.16 1 1 1 0.083333333 0.4 0.67852889 0.62139471 0.39174884
vertex: 0.22627417 0.09 0.22627417 1 1 1 0.125 0.4 0.55401652 0.62139471 0.55401652
vertex: 0.16 0.09 0.27712813 1 1 1 0.16666667 0.4 0.39174884 0.62139471 0.67852889
vertex: 0.082822094 0.09 0.30909626 1 1 1 0.20833333 0.4 0.20278412 0.62139471 0.75680064
vertex: 0 0.09 0.32 1 1 1 0.25 0.4 0 0.62139471 0.78349768
vertex: -0.082822094 0.09 0.30909626 1 1 1 0.29166667 0.4 -0.20278412 0.62139471 0.75680064
vertex: -0.16 0.09 0.27712813 1 1 1 0.33333333 0.4 -0.39174884 0.62139471 0.67852889
vertex: -0.22627417 0.09 0.22627417 1 1 1 0.375 0.4 -0.55401652 0.62139471 0.55401652
vertex: -0.27712813 0.09 0.16 1 1 1 0.41666667 0.4 -0.67852889 0.62139471 0.39174884
vertex: -0.30909626 0.09 0.082822094 1 1 1 0.45833333 0.4 -0.75680064 0.62139471 0.20278412
vertex: -0.32 0.09 0 1 1 1 0.5 0.4 -0.78349768 0.62139471 0
vertex: -0.30909626 0.09 -0.082822094 1 1 1 0.54166667 0.4 -0.75680064 0.62139471 -0.20278412
vertex: -0.27712813 0.09 -0.16 1 1 1 0.58333333 0.4 -0.67852889 0.62139471 -0.39174884
vertex: -0.22627417 0.09 -0.22627417 1 1 1 0.625 0.4 -0.55401652 0.62139471 -0.55401652
vertex: -0.16 0.09 -0.27712813 1 1 1 0.66666667 0.4 -0.39174884 0.62139471 -0.67852889
vertex: -0.082822094 0.09 -0.30909626 1 1 1 0.70833333 0.4 -0.20278412 0.62139471 -0.75680064
vertex: 0 0.09 -0.32 1 1 1 0.75 0.4 0 0.62139471 -0.78349768
vertex: 0.082822094 0.09 -0.30909626 1 1 1 0.79166667 0.4 0.20278412 0.62139471 -0.75680064
vertex: 0.16 0.09 -0.27712813 1 1 1 0.83333333 0.4 0.39174884 0.62139471 -0.67852889
vertex: 0.22627417 0.09 -0.22627417 1 1 1 0.875 0.4 0.55401652 0.62139471 -0.55401652
vertex: 0.27712813 0.09 -0.16 1 1 1 0.91666667 0.4 0.67852889 0.62139471 -0.39174884
vertex: 0.30909626 0.09 -0.082822094 1 1 1 0.95833333 0.4 0.75680064 0.62139471 -0.20278412
vertex: 0.32 0.09 0 1 1 1 1 0.4 0.78349768 0.62139471 0
vertex: 0.32 0.34 0 1 1 1 0 0.6 0.90152306 -0.43273107 0
vertex: 0.30909626 0.34 0.082822094 1 1 1 0.041666667 0.6 0.8708044 -0.43273107 0.23333134
vertex: 0.27712813 0.34 0.16 1 1 1 0.083333333 0.6 0.78074187 -0.43273107 0.45076153
vertex: 0.22627417 0.34 0.22627417 1 1 1 0.125 0.6 0.63747307 -0.43273107 0.63747307
vertex: 0.16 0.34 0.27712813 1 1 1 0.16666667 0.6 0.45076153 -0.43273107 0.78074187
vertex: 0.082822094 0.34 0.30909626 1 1 1 0.20833333 0.6 0.23333134 -0.43273107 0.8708044
vertex: 0 0.34 0.32 1 1 1 0.25 0.6 0 -0.43273107 0.90152306
vertex: -0.082822094 0.34 0.30909626 1 1 1 0.29166667 0.6 -0.23333134 -0.43273107 0.8708044
vertex: -0.16 0.34 0.27712813 1 1 1 0.33333333 0.6 -0.45076153 -0.43273107 0.78074187
vertex: -0.22627417 0.34 0.22627417 1 1 1 0.375 0.6 -0.63747307 -0.43273107 0.63747307
vertex: -0.27712813 0.34 0.16 1 1 1 0.41666667 0.6 -0.78074187 -0.43273107 0.45076153
vertex: -0.30909626 0.34 0.082822094 1 1 1 0.45833333 0.6 -0.8708044 -0.43273107 0.23333134
vertex: -0.32 0.34 0 1 1 1 0.5 0.6 -0.90152306 -0.43273107 0
vertex: -0.30909626 0.34 -0.082822094 1 1 1 0.54166667 0.6 -0.8708044 -0.43273107 -0.23333134
vertex: -0.27712813 0.34 -0.16 1 1 1 0.58333333 0.6 -0.78074187 -0.43273107 -0.45076153
vertex: -0.22627417 0.34 -0.22627417 1 1 1 0.625 0.6 -0.63747307 -0.43273107 -0.63747307
vertex: -0.16 0.34 -0.27712813 1 1 1 0.66666667 0.6 -0.45076153 -0.43273107 -0.78074187
vertex: -0.082822094 0.34 -0.30909626 1 1 1 0.70833333 0.6 -0.23333134 -0.43273107 -0.8708044
vertex: 0 0.34 -0.32 1 1 1 0.75 0.6 0 -0.43273107 -0.90152306
vertex: 0.082822094 0.34 -0.30909626 1 1 1 0.79166667 0.6 0.23333134 -0.43273107 -0.8708044
vertex: 0.16 0.34 -0.27712813 1 1 1 0.83333333 0.6 0.45076153 -0.43273107 -0.78074187
vertex: 0.22627417 0.34 -0.22627417 1 1 1 0.875 0.6 0.63747307 -0.43273107 -0.63747307
vertex: 0.27712813 0.34 -0.16 1 1 1 0.91666667 0.6 0.78074187 -0.43273107 -0.45076153
vertex: 0.30909626 0.34 -0.082822094 1 1 1 0.95833333 0.6 0.8708044 -0.43273107 -0.23333134
vertex: 0.32 0.34 0 1 1 1 1 0.6 0.90152306 -0.43273107 0
vertex: 0.44 0.34 0 1 1 1 0 0.8 0.4472136 -0.89442719 0
vertex: 0.42500736 0.34 0.11388038 1 1 1 0.041666667 0.8 0.43197516 -0.89442719 0.1157474
vertex: 0.38105118 0.34 0.22 1 1 1 0.083333333 0.8 0.38729833 -0.89442719 0.2236068
vertex: 0.31112698 0.34 0.31112698 1 1 1 0.125 0.8 0.31622777 -0.89442719 0.31622777
vertex: 0.22 0.34 0.38105118 1 1 1 0.16666667 0.8 0.2236068 -0.89442719 0.38729833
vertex: 0.11388038 0.34 0.42500736 1 1 1 0.20833333 0.8 0.1157474 -0.89442719 0.43197516
vertex: 0 0.34 0.44 1 1 1 0.25 0.8 0 -0.89442719 0.4472136
vertex: -0.11388038 0.34 0.42500736 1 1 1 0.29166667 0.8 -0.1157474 -0.89442719 0.43197516
vertex: -0.22 0.34 0.38105118 1 1 1 0.33333333 0.8 -0.2236068 -0.89442719 0.38729833
vertex: -0.31112698 0.34 0.31112698 1 1 1 0.375 0.8 -0.31622777 -0.89442719 0.31622777
vertex: -0.38105118 0.34 0.22 1 1 1 0.41666667 0.8 -0.38729833 -0.89442719 0.2236068
vertex: -0.42500736 0.34 0.11388038 1 1 1 0.45833333 0.8 -0.43197516 -0.89442719 0.1157474
vertex: -0.44 0.34 0 1 1 1 0.5 0.8 -0.4472136 -0.89442719 0
vertex: -0.42500736 0.34 -0.11388038 1 1 1 0.54166667 0.8 -0.43197516 -0.89442719 -0.1157474
vertex: -0.38105118 0.34 -0.22 1 1 1 0.58333333 0.8 -0.38729833 -0.89442719 -0.2236068
vertex: -0.31112698 0.34 -0.31112698 1 1 1 0.625 0.8 -0.31622777 -0.89442719 -0.31622777
vertex: -0.22 0.34 -0.38105118 1 1 1 0.66666667 0.8 -0.2236068 -0.89442719 -0.38729833
vertex: -0.11388038 0.34 -0.42500736 1 1 1 0.70833333 0.8 -0.1157474 -0.89442719 -0.43197516
vertex: 0 0.34 -0.44 1 1 1 0.75 0.8 0 -0.89442719 -0.4472136
vertex: 0.11388038 0.34 -0.42500736 1 1 1 0.79166667 0.8 0.1157474 -0.89442719 -0.43197516
vertex: 0.22 0.34 -0.38105118 1 1 1 0.83333333 0.8 0.2236068 -0.89442719 -0.38729833
vertex: 0.31112698 0.34 -0.31112698 1 1 1 0.875 0.8 0.31622777 -0.89442719 -0.31622777
vertex: 0.38105118 0.34 -0.22 1 1 1 0.91666667 0.8 0.38729833 -0.89442719 -0.2236068
vertex: 0.42500736 0.34 -0.11388038 1 1 1 0.95833333 0.8 0.43197516 -0.89442719 -0.1157474
vertex: 0.44 0.34 0 1 1 1 1 0.8 0.4472136 -0.89442719 0
vertex: 0.44 0.4 0 1 1 1 0 1 1 0 0
vertex: 0.42500736 0.4 0.11388038 1 1 1 0.041666667 1 0.96592583 0 0.25881905
vertex: 0.38105118 0.4 0.22 1 1 1 0.083333333 1 0.8660254 0 0.5
vertex: 0.31112698 0.4 0.31112698 1 1 1 0.125 1 0.70710678 0 0.70710678
vertex: 0.22 0.4 0.38105118 1 1 1 0.16666667 1 0.5 0 0.8660254
vertex: 0.11388038 0.4 0.42500736 1 1 1 0.20833333 1 0.25881905 0 0.96592583
vertex: 0 0.4 0.44 1 1 1 0.25 1 0 0 1
vertex: -0.11388038 0.4 0.42500736 1 1 1 0.29166667 1 -0.25881905 0 0.96592583
vertex: -0.22 0.4 0.38105118 1 1 1 0.33333333 1 -0.5 0 0.8660254
vertex: -0.31112698 0.4 0.31112698 1 1 1 0.375 1 -0.70710678 0 0.70710678
vertex: -0.38105118 0.4 0.22 1 1 1 0.41666667 1 -0.8660254 0 0.5
vertex: -0.42500736 0.4 0.11388038 1 1 1 0.45833333 1 -0.96592583 0 0.25881905
vertex: -0.44 0.4 0 1 1 1 0.5 1 -1 0 0
vertex: -0.42500736 0.4 -0.11388038 1 1 1 0.54166667 1 -0.96592583 0 -0.25881905
vertex: -0.38105118 0.4 -0.22 1 1 1 0.58333333 1 -0.8660254 0 -0.5
vertex: -0.31112698 0.4 -0.31112698 1 1 1 0.625 1 -0.70710678 0 -0.70710678
vertex: -0.22 0.4 -0.38105118 1 1 1 0.66666667 1 -0.5 0 -0.8660254
vertex: -0.11388038 0.4 -0.42500736 1 1 1 0.70833333 1 -0.25881905 0 -0.96592583
vertex: 0 0.4 -0.44 1 1 1 0.75 1 0 0 -1
vertex: 0.11388038 0.4 -0.42500736 1 1 1 0.79166667 1 0.25881905 0 -0.96592583
vertex: 0.22 0.4 -0.38105118 1 1 1 0.83333333 1 0.5 0 -0.8660254
vertex: 0.31112698 0.4 -0.31112698 1 1 1 0.875 1 0.70710678 0 -0.70710678
vertex: 0.38105118 0.4 -0.22 1 1 1 0.91666667 1 0.8660254 0 -0.5
vertex: 0.42500736 0.4 -0.11388038 1 1 1 0.95833333 1 0.96592583 0 -0.25881905
vertex: 0.44 0.4 0 1 1 1 1 1 1 0 0
vertex: 0 0 0 1 1 1 0.5 0.5 0 -1 0
vertex: 0.55 0 0 1 1 1 1 0.5 0 -1 0
vertex: 0.5312592 0 0.14235047 1 1 1 0.98296291 0.62940952 0 -1 0
vertex: 0.47631397 0 0.275 1 1 1 0.9330127 0.75 0 -1 0
vertex: 0.38890873 0 0.38890873 1 1 1 0.85355339 0.85355339 0 -1 0
vertex: 0.275 0 0.47631397 1 1 1 0.75 0.9330127 0 -1 0
vertex: 0.14235047 0 0.5312592 1 1 1 0.62940952 0.98296291 0 -1 0
vertex: 0 0 0.55 1 1 1 0.5 1 0 -1 0
vertex: -0.14235047 0 0.5312592 1 1 1 0.37059048 0.98296291 0 -1 0
vertex: -0.275 0 0.47631397 1 1 1 0.25 0.9330127 0 -1 0
vertex: -0.38890873 0 0.38890873 1 1 1 0.14644661 0.85355339 0 -1 0
vertex: -0.47631397 0 0.275 1 1 1 0.066987298 0.75 0 -1 0
vertex: -0.5312592 0 0.14235047 1 1 1 0.017037087 0.62940952 0 -1 0
vertex: -0.55 0 0 1 1 1 0 0.5 0 -1 0
vertex: -0.5312592 0 -0.14235047 1 1 1 0.017037087 0.37059048 0 -1 0
vertex: -0.47631397 0 -0.275 1 1 1 0.066987298 0.25 0 -1 0
vertex: -0.38890873 0 -0.38890873 1 1 1 0.14644661 0.14644661 0 -1 0
vertex: -0.275 0 -0.47631397 1 1 1 0.25 0.066987298 0 -1 0
vertex: -0.14235047 0 -0.5312592 1 1 1 0.37059048 0.017037087 0 -1 0
vertex: 0 0 -0.55 1 1 1 0.5 0 0 -1 0
vertex: 0.14235047 0 -0.5312592 1 1 1 0.62940952 0.017037087 0 -1 0
vertex: 0.275 0 -0.47631397 1 1 1 0.75 0.066987298 0 -1 0
vertex: 0.38890873 0 -0.38890873 1 1 1 0.85355339 0.14644661 0 -1 0
vertex: 0.47631397 0 -0.275 1 1 1 0.9330127 0.25 0 -1 0
vertex: 0.5312592 0 -0.14235047 1 1 1 0.98296291 0.37059048 0 -1 0
vertex: 0.55 0 0 1 1 1 1 0.5 0 -1 0
vertex: 0 0.4 0 1 1 1 0.5 0.5 0 1 0
vertex: 0.44 0.4 0 1 1 1 1 0.5 0 1 0
vertex: 0.42500736 0.4 0.11388038 1 1 1 0.98296291 0.62940952 0 1 0
vertex: 0.38105118 0.4 0.22 1 1 1 0.9330127 0.75 0 1 0
vertex: 0.31112698 0.4 0.31112698 1 1 1 0.85355339 0.85355339 0 1 0
vertex: 0.22 0.4 0.38105118 1 1 1 0.75 0.9330127 0 1 0
vertex: 0.11388038 0.4 0.42500736 1 1 1 0.62940952 0.98296291 0 1 0
vertex: 0 0.4 0.44 1 1 1 0.5 1 0 1 0
vertex: -0.11388038 0.4 0.42500736 1 1 1 0.37059048 0.98296291 0 1 0
vertex: -0.22 0.4 0.38105118 1 1 1 0.25 0.9330127 0 1 0
vertex: -0.31112698 0.4 0.31112698 1 1 1 0.14644661 0.85355339 0 1 0
vertex: -0.38105118 0.4 0.22 1 1 1 0.066987298 0.75 0 1 0
vertex: -0.42500736 0.4 0.11388038 1 1 1 0.017037087 0.62940952 0 1 0
vertex: -0.44 0.4 0 1 1 1 0 0.5 0 1 0
vertex: -0.42500736 0.4 -0.11388038 1 1 1 0.017037087 0.37059048 0 1 0
vertex: -0.38105118 0.4 -0.22 1 1 1 0.066987298 0.25 0 1 0
vertex: -0.31112698 0.4 -0.31112698 1 1 1 0.14644661 0.14644661 0 1 0
vertex: -0.22 0.4 -0.38105118 1 1 1 0.25 0.066987298 0 1 0
vertex: -0.11388038 0.4 -0.42500736 1 1 1 0.37059048 0.017037087 0 1 0
vertex: 0 0.4 -0.44 1 1 1 0.5 0 0 1 0
vertex: 0.11388038 0.4 -0.42500736 1 1 1 0.62940952 0.017037087 0 1 0
vertex: 0.22 0.4 -0.38105118 1 1 1 0.75 0.066987298 0 1 0
vertex: 0.31112698 0.4 -0.31112698 1 1 1 0.85355339 0.14644661 0 1 0
vertex: 0.38105118 0.4 -0.22 1 1 1 0.9330127 0.25 0 1 0
vertex: 0.42500736 0.4 -0.11388038 1 1 1 0.98296291 0.37059048 0 1 0
vertex: 0.44 0.4 0 1 1 1 1 0.5 0 1 0
index: 0 25 1
index: 1 25 26
index: 1 26 2
index: 2 26 27
index: 2 27 3
index: 3 27 28
index: 3 28 4
index: 4 28 29
index: 4 29 5
index: 5 29 30
index: 5 30 6
index: 6 30 31
index: 6 31 7
index: 7 31 32
index: 7 32 8
index: 8 32 33
index: 8 33 9
index: 9 33 34
index: 9 34 10
index: 10 34 35
index: 10 35 11
index: 11 35 36
index: 11 36 12
index: 12 36 37
index: 12 37 13
index: 13 37 38
index: 13 38 14
index: 14 38 39
index: 14 39 15
index: 15 39 40
index: 15 40 16
index: 16 40 41
index: 16 41 17
index: 17 41 42
index: 17 42 18
index: 18 42 43
index: 18 43 19
index: 19 43 44
index: 19 44 20
index: 20 44 45
index: 20 45 21
index: 21 45 46
index: 21 46 22
index: 22 46 47
index: 22 47 23
index: 23 47 48
index: 23 48 24
index: 24 48 49
index: 25 50 26
index: 26 50 51
index: 26 51 27
index: 27 51 52
index: 27 52 28
index: 28 52 53
index: 28 53 29
index: 29 53 54
index: 29 54 30
index: 30 54 55
index: 30 55 31
index: 31 55 56
index: 31 56 32
index: 32 56 57
index: 32 57 33
index: 33 57 58
index: 33 58 34
index: 34 58 59
index: 34 59 35
index: 35 59 60
index: 35 60 36
index: 36 60 61
index: 36 61 37
index: 37 61 62
index: 37 62 38
index: 38 62 63
index: 38 63 39
index: 39 63 64
index: 39 64 40
index: 40 64 65
index: 40 65 41
index: 41 65 66
index: 41 66 42
index: 42 66 67
index: 42 67 43
index: 43 67 68
index: 43 68 44
index: 44 68 69
index: 44 69 45
index: 45 69 70
index: 45 70 46
index: 46 70 71
index: 46 71 47
index: 47 71 72
index: 47 72 48
index: 48 72 73
index: 48 73 49
index: 49 73 74
index: 50 75 51
index: 51 75 76
index: 51 76 52
index: 52 76 77
index: 52 77 53
index: 53 77 78
index: 53 78 54
index: 54 78 79
index: 54 79 55
index: 55 79 80
index: 55 80 56
index: 56 80 81
index: 56 81 57
index: 57 81 82
index: 57 82 58
index: 58 82 83
index: 58 83 59
index: 59 83 84
index: 59 84 60
index: 60 84 85
index: 60 85 61
index: 61 85 86
index: 61 86 62
index: 62 86 87
index: 62 87 63
index: 63 87 88
index: 63 88 64
index: 64 88 89
index: 64 89 65
index: 65 89 90
index: 65 90 66
index: 66 90 91
index: 66 91 67
index: 67 91 92
index: 67 92 68
index: 68 92 93
index: 68 93 69
index: 69 93 94
index: 69 94 70
index: 70 94 95
index: 70 95 71
index: 71 95 96
index: 71 96 72
index: 72 96 97
index: 72 97 73
index: 73 97 98
index: 73 98 74
index: 74 98 99
index: 100 125 101
index: 101 125 126
index: 101 126 102
index: 102 126 127
index: 102 127 103
index: 103 127 128
index: 103 128 104
index: 104 128 129
index: 104 129 105
index: 105 129 130
index: 105 130 106
index: 106 130 131
index: 106 131 107
index: 107 131 132
index: 107 132 108
index: 108 132 133
index: 108 133 109
index: 109 133 134
index: 109 134 110
index: 110 134 135
index: 110 135 111
index: 111 135 136
index: 111 136 112
index: 112 136 137
index: 112 137 113
index: 113 137 138
index: 113 138 114
index: 114 138 139
index: 114 139 115
index: 115 139 140
index: 115 140 116
index: 116 140 141
index: 116 141 117
index: 117 141 142
index: 117 142 118
index: 118 142 143
index: 118 143 119
index: 119 143 144
index: 119 144 120
index: 120 144 145
index: 120 145 121
index: 121 145 146
index: 121 146 122
index: 122 146 147
index: 122 147 123
index: 123 147 148
index: 123 148 124
index: 124 148 149
index: 150 152 151
index: 150 153 152
index: 150 154 153
index: 150 155 154
index: 150 156 155
index: 150 157 156
index: 150 158 157
index: 150 159 158
index: 150 160 159
index: 150 161 160
index: 150 162 161
index: 150 163 162
index: 150 164 163
index: 150 165 164
index: 150 166 165
index: 150 167 166
index: 150 168 167
index: 150 169 168
index: 150 170 169
index: 150 171 170
index: 150 172 171
index: 150 173 172
index: 150 174 173
index: 150 175 174
index: 176 177 178
index: 176 178 179
index: 176 179 180
index: 176 180 181
index: 176 181 182
index: 176 182 183
index: 176 183 184
index: 176 184 185
index: 176 185 186
index: 176 186 187
index: 176 187 188
index: 176 188 189
index: 176 189 190
index: 176 190 191
index: 176 191 192
index: 176 192 193
index: 176 193 194
index: 176 194 195
index: 176 195 196
index: 176 196 197
index: 176 197 198
index: 176 198 199
index: 176 199 200
index: 176 200 201
